user_name,user_profile_url,rating,local_guide,comment_num,comment_text
 Coco Lin ,https://www.google.com/maps/contrib/107391729350205956833/reviews?hl=zh-TW,4,True,14,"點了墨魚義大利麵（小辣）165元、弗羅倫奶油海鮮焗烤145元、+A套餐35元、黃金脆薯55元

👉墨魚麵，很夠味入味也很香辣，大推😍
👉弗羅倫奶油海鮮焗烤很奶，飯也很適當，很入味，但可惜使用的起司不夠牽絲（遺憾

👉A套餐，檸檬紅茶+手工爆漿餐包，餐包很好吃，裡面的餡很搭，紅茶也好喝，不苦澀。
👉黃金脆薯，這個一定要點⚠️超酥脆！喀滋～喀滋

總體不錯👍
但我們倆人被分配單桌，食物有點擺不下，隔壁兩桌也是雙人，但都坐四人座。🥲都只點主餐，我們卻點比較多，整個很尷尬🤦🏼‍♀️
建議知道自己要點除了主餐以外的食物，記得詢問是否可以換位子。

P.S.只有一個外場一個負責外帶跟一位廚師"
 herb chung ,https://www.google.com/maps/contrib/108687195744505670189/reviews?hl=zh-TW,5,True,204,以地點與價位來看應該算是平價的餐廳。可是餐點一點也不馬虎！在用餐區直接可以看到忙碌的廚房與熟練與忙碌的廚師和店員合作無間。店面的裝潢算是有獨特之處。
 David Lee ,https://www.google.com/maps/contrib/101895389983927030684/reviews?hl=zh-TW,5,True,125,"主餐義大利麵，紅醬和白醬都好吃超級好吃的，小餐包更是經典，
美中不足的地方是桌邊有小蟲在飛，
當下感覺不太好。
位置在靠窗的02號桌"
 Yung-Jye Lee ,https://www.google.com/maps/contrib/115798232490363604421/reviews?hl=zh-TW,5,True,173,"2022//11/05晚餐

B套餐的濃湯可以換蜂蜜芥末沙拉。
餐包有兩種口味，奶油邪惡又好吃。
清炒義大利麵才90元，份量夠。

之前常吃另一家，發現捷運國父紀念館站也有，真是太開心。

一餐150元就吃得很飽。"
 蔡弘儀 ,https://www.google.com/maps/contrib/107315788700133010329/reviews?hl=zh-TW,3,True,308,"肉醬焗烤飯味道便淡
牛肉捲還不錯吃👍👍👍👍👍
佛卡夏便甜不愛😅😅😅😅😅
私房橄欖油🫒義大利麵
味道也很淡⋯⋯
如果愛吃味道淡的是很適🈴️🤭🤭🤭"
 Xuan Lin임선 ,https://www.google.com/maps/contrib/100444425075273997127/reviews?hl=zh-TW,4,True,10,星期天午餐和家人一起去用餐，中午不到12點內用座位幾乎已經坐滿了，但上餐速度也算是滿快的。以平價燉飯和義大利麵的價位來看中上的美味吧！
 Ariel ,https://www.google.com/maps/contrib/113423842172662635366/reviews?hl=zh-TW,5,False,22,"平常就住附近上網搜尋到這間，真的是環境乾淨又便宜好吃cp值超高！👍🏻👍🏻🤤
比仿間賣300～400$的pasta水準還高很多，出餐速度也是100分，來不及消化下個餐點就來了😂
而且加套餐60$就有香蒜奶油爆漿餐包兩顆、飲料、玉米濃湯）
（很期待出新口味！我在這許願「奶油明太子」口味MyFavorite💘出這個一定會大賣特賣🔥）"
 YUHAN ,https://www.google.com/maps/contrib/104206315096371069162/reviews?hl=zh-TW,5,False,6,"點了奶油青醬雞肉麵+A餐$180
爆漿餐包真的超推！！一定要趁熱吃
是間平價義大利麵店，青醬表現不錯，肉量也是很ok，套餐的檸檬紅茶真的有酸，不是那種化學檸檬茶🤣下次再試試其他口味"
 Kayla T ,https://www.google.com/maps/contrib/117749422804343611880/reviews?hl=zh-TW,4,True,41,"整體來說CP值很高，吃超飽
麵條是偏硬的類型，玉米濃湯很濃稠
白醬蒜味非常重，口味偏鹹，整個醬料也是濃稠的，吃到最後會有點膩。送餐的服務員說口味可以調整，下次應該會請他煮的時候加點水😅"
 charlie gibson ,https://www.google.com/maps/contrib/105928963443124849940/reviews?hl=zh-TW,3,True,43,"麵很乾也沒什麼味道
答案環境很好也不貴
只是不會再來就是了，這區段也很難有什麼便宜又好吃如果單單食物的話會給一顆，但綜合環境和價格來說三顆星是很貼切的。"
 曾文鴻 ,https://www.google.com/maps/contrib/117887889443483920645/reviews?hl=zh-TW,4,True,894,"價格在這附近算便宜，內用位置多，環境乾淨。
份量不多，男生可能要加麵，或是加套餐才吃的飽。"
 jerry lin ,https://www.google.com/maps/contrib/105531178663186438326/reviews?hl=zh-TW,5,False,13,只能說相見恨晚，吃過別家分店好吃又跑來找其他店，一樣好吃到不行。清炒，奶油，紅醬，墨魚醬都沒有雷，爆漿餐包烤的好好吃也推薦加點，四百才是合理價位吧！不到兩百老闆真的太佛心！
 無極 ,https://www.google.com/maps/contrib/113771532033258752068/reviews?hl=zh-TW,5,True,518,"販售義大利麵具備筆尖麵及貝殼麵的選項、增加食物趣味性
橄欖油清炒蒜味辣椒麵、灑上些許乾蒜片、看不到辣椒卻富有辣椒及蒜頭的辛辣、過癮
有幸外送迅速讓我品嚐到美味餐點
綜合以上使用心得
雙手奉上五顆星"
 PoShawn柏翔 ,https://www.google.com/maps/contrib/109043179260744580394/reviews?hl=zh-TW,5,False,9,這價格這樣覺得很好吃😋！尤其義大利麵醬超好吃😋！
 D Huang ,https://www.google.com/maps/contrib/106859260724107085639/reviews?hl=zh-TW,2,True,27,"我只能說東西雖然算好吃青醬還好
但才剛吃完就馬上收走是想要趕人的意思嗎
重點是旁邊沒什麼人也不是打烊時間
只能說要去的可以參考一下了"
 Yuan ,https://www.google.com/maps/contrib/116070355777450807185/reviews?hl=zh-TW,5,False,14,和朋友正因為選擇障礙不知道吃哪間的時候，偶然路過這間義大利麵店，義大利麵+套餐吃超飽好吃而且很平價，濃湯中規中矩，餐包跟飲料都還行，上菜速度很快，服務態度也很好，冷氣也很涼，沒有服務費，以整體來說我非常滿意👍👍
 A L ,https://www.google.com/maps/contrib/114310182461132728477/reviews?hl=zh-TW,3,True,57,可能是需要點義大利麵，但我點了燉飯有點踩雷，但他們家的紅茶是很棒的，不過小餐包並不理想
 陳坊隅 ,https://www.google.com/maps/contrib/101893327057197190901/reviews?hl=zh-TW,1,False,7,"已經用Ubereats訂了不下數十次都是延吉店❗️

吃了兩年多⋯以前都還行，這次最誇張❗️

唐洋雞義大利麵的雞肉像是重複加熱又冰過，放在室溫至少兩天以上的口感，纖維咬都咬不爛⋯連一塊都吞不下去真的不是在開玩笑的OMG…

不知道為什麼⋯近期完全感受得到這家
延吉分店完全沒有心思放在品質把關上⋯如果經營者有看到請盯一下吧！

還有豆腐吃進去完全也是酸的，也馬上整份丟掉⋯

如果是這樣的經營態度，真的不敢再次恭維⋯⋯

外送平台上的義大利麵真的還有其他更好的選擇❗️
總之我是不可能再訂購該品牌了❗️"
 QUINYU ,https://www.google.com/maps/contrib/105069114618997457276/reviews?hl=zh-TW,5,True,157,"青醬的味道是我喜歡的那種
餐包很好吃，濃湯不錯喝
檸檬紅茶偏甜"
 pu Chu ,https://www.google.com/maps/contrib/110785229515529927845/reviews?hl=zh-TW,5,False,9,"在東區便宜又好吃！雖然人很多，但假日中午翻桌率蠻快的～
服務不錯，即使很忙也會先口頭回應客人等候，不收服務費很划算
因為我們有一份雞塊店家忘了出餐，主廚直接請我們，真是感謝😂"
 Haidan Cheng ,https://www.google.com/maps/contrib/102435728759699281194/reviews?hl=zh-TW,5,True,87,東西好吃又平價，可惜就是汽車找不到停車位🥺
 爆牙兔 ,https://www.google.com/maps/contrib/101919159691037057393/reviews?hl=zh-TW,4,True,479,"食材與價位反應在餐點上：玉米濃湯-優。焗烤起司豆腐，尚可。
但，接著全是雷。
麵條_乾又硬，唐揚雞_難以下嚥，那雞塊簡直是隔餐重覆下鍋n次的口感。
烤雞翅也不行，吃起來像嚼著加了調味料的塑膠。
可惜了舒服的空間與便利的地點。
請加油呀！"
 Willy Li ,https://www.google.com/maps/contrib/115958006148965318637/reviews?hl=zh-TW,4,True,102,平價義大利麵，也有飲料濃湯麵包等配餐可搭配，現榨檸檬紅茶檸檬汁存在感高，微酸香氣十足我很喜歡。空間寬敞座位舒適，燈光偏冷但不至昏暗，裝潢現代略工業風格，目測還算整潔。
 侑聖 ,https://www.google.com/maps/contrib/105194967981335027683/reviews?hl=zh-TW,4,True,213,平價義大利麵，沒什麼特點，雞肉捲還不錯吃
 Oli Lee ,https://www.google.com/maps/contrib/113679357702009028994/reviews?hl=zh-TW,5,False,12,"培根給的夠多！跟把整隻豬給你沒兩樣！還有，一定要點套餐的麵包！且檸檬紅茶也不是雀巢那種，甜度酸度剛剛好

店內裝潢簡潔俐落，歌又好聽，餐點平均120左右，且座落於東區，整個CP值爆高

拜託大家快來吃，他倒了我就沒得吃了⋯"
 小南 ,https://www.google.com/maps/contrib/108811421247908212340/reviews?hl=zh-TW,5,True,105,"份量足夠美味CP值很高
環境漂亮看看那個鋼鐵人多帥氣❤️"
 Ming Hsu ,https://www.google.com/maps/contrib/104087123756073662497/reviews?hl=zh-TW,5,True,16,平價又好吃.出餐速度快.服務態度也很好.
 JUNECINDER ,https://www.google.com/maps/contrib/100652769178894380628/reviews?hl=zh-TW,5,True,37,單點了燉飯165元。份量很多。不錯吃👍🏻
 Michael Chou ,https://www.google.com/maps/contrib/117544204827712042813/reviews?hl=zh-TW,4,True,462,"學生義大利麵店
味道還不錯"
 Tom Lung ,https://www.google.com/maps/contrib/109637085576286191812/reviews?hl=zh-TW,2,True,264,"經過想說吃看看
價格還好
東西真的滿普的
點的香雞翅上桌的時候就已經快是涼的（比溫的再更低一些）
空間不小但座位有點小
不太推
裝飾品倒是挺有趣"
 鄭彥騰 ,https://www.google.com/maps/contrib/105797959947955005759/reviews?hl=zh-TW,5,True,57,"義大利麵很好吃
餐包也不錯
飲料很好吃尤其檸檬紅茶真的覺得是數一數二好喝的而且還是在餐廳內
只是冷氣有點冷
而且重點是也不貴適合大學生約會去"
 Neo Kung ,https://www.google.com/maps/contrib/101038651735695220081/reviews?hl=zh-TW,4,True,953,"還不錯吃，選項很多
價格很合理，大概100多塊
麵的味道夠，不像一般便宜義大利麵很淡不好吃

上菜速度很快
店還蠻大的，位子很多"
 玉 ,https://www.google.com/maps/contrib/109609494151631103130/reviews?hl=zh-TW,5,False,25,義大利麵🍝還不錯吃😋😋餐包跟濃湯飲料🥤也都還不錯😊服務也很親切。如果店裡有供應自取白開水就更完美了😊
 食。旺 ,https://www.google.com/maps/contrib/100415812026329660749/reviews?hl=zh-TW,2,True,126,"初訪店家⋯
點了兩個套餐～
湯⋯完全沒味道，請店家幫忙加鹽，後來卻要我們自己加，湯已經沒有很熱這樣可以融嗎？！
檸檬紅茶不錯喝⋯
關於主餐普普。
蒼蠅飛來飛去。"
 Lee Antoni ,https://www.google.com/maps/contrib/113977221447083109794/reviews?hl=zh-TW,5,True,16,"十分十分美味，好吃，感覺超好吃(以這價位),服務的小妹妹速度快又親切還貼心禮貌有客氣，連非常挑嘴的家人都說很可以"
 Cheng Andrew ,https://www.google.com/maps/contrib/113348097558138172024/reviews?hl=zh-TW,5,True,55,位在鬧區的靜巷，餐點美味可口，它的海鮮焗烤飯、dicedbeef義大利麵、烤雞翅，與檸檬紅茶，都很推薦，價位親民，值得一試。
 Someday生存日記 ,https://www.google.com/maps/contrib/117052837656006551225/reviews?hl=zh-TW,4,True,29,"✔️番茄蔬菜雞肉麵
✔️奶油蔬菜雞肉麵
✔️+B餐/檸檬紅茶、餐包、濃湯

-義大利麵醬汁口味稍偏台式，麵條軟硬適中，份量充足、配料雞肉滿嫩、蔬菜使用高麗菜，濃湯好喝是西式口味～"
 Bin Ho ,https://www.google.com/maps/contrib/106734425906157892647/reviews?hl=zh-TW,4,True,152,"1090921晚餐來訪，整體店面乾淨舒適
因應疫情影響，現在都要現在門口先消毒量體溫才能入店，但外場好像只有一位服務生，指示可能沒那麼周到
先劃單後再拿給店員點餐，套餐的檸檬紅茶可以加價10元換成濃湯
上菜速度很快，餐包好吃，奶油還會流汁，義大利麵也好吃，不過濃湯口感比較有點沙，今天湯喝起來稍鹹一點
整體來說，價格平實好吃，又不收服務費，很適合再來訪及推薦。"
 陳怡瑄 ,https://www.google.com/maps/contrib/108436240480842049291/reviews?hl=zh-TW,5,True,55,"姐姐說這家很好吃，就來了，點了蛤蜊義大利麵，朋友點飯。
起司飯裡面有很多橄欖跟蘑菇，如果不愛吃的話就不要這道哈哈哈（不然通通變成同行那個人吃QQ
這家用的都很義大利（醬、麵，而且又便宜真的好吃
貓可愛👍🏻"
 Luna ,https://www.google.com/maps/contrib/112462235806179086411/reviews?hl=zh-TW,5,True,55,"在googlemap上搜尋附近的義麵店，同時看到3-4家4星以上的店家，最後看了大家的評論及照片而選定這邊
來到店門前發現裡面是客滿的情形，但是店員會依照人數適性安排座位，所以很快就入座了（用餐期間剛好看到其他在領檯候位的客人，其中一組客人見空位要入席，立刻被領檯人員告知是前組客人先來，真的要給店家一個大大的讚👍）入席後原預估價位會在200-300之間，拿到菜單後發現每樣主餐都只要100多元！而且菜名下面都有詳細說明內含食材，我點了白醬海鮮燉飯，上桌時見一隻蝦躺在米白的燉飯上，用湯匙一撈，下面還有一隻蝦，除此，還有淡菜2顆、切得很可愛的花枝，鮑魚片等等！用料非常大方！！
白醬蔬菜雞肉麵原不在焗烤類上面，後詢問店員可加價製作👍
兩人用餐，兩份主餐、一份沙拉、一份薯條、兩瓶飲料，僅475元，且無服務費！！
餐期座無虛席，一直到2點左右客人才漸漸散去，也因此看到店內人員用心清掃～門口領檯上也備有酒精可消毒！大推👏🏻"
 朱禹潔 ,https://www.google.com/maps/contrib/115393081780687051187/reviews?hl=zh-TW,5,False,13,"上次吃的時候覺得很好吃又便宜
但能拜託你們不要店休嗎🤣
今天路過想要再來吃結果遇到店休害我去吃了對面的凱琳焗烤….是真夠噁爛哦"
 陳宏林 ,https://www.google.com/maps/contrib/114344389166350017199/reviews?hl=zh-TW,1,True,62,"廚師能力差，2個墨魚麵炒15分鐘炒不出來，一次只能炒一口爐火
唉，廚房還3個人站，這種店……"
 fifi Huang ,https://www.google.com/maps/contrib/104277761952187126449/reviews?hl=zh-TW,3,True,"1,137","在服務上目前並沒有遇到不好的情形，
以這樣的價位來說，安格斯蕃茄牛肉焗烤通心粉和青檸鯛魚義大利麵（辣）都還ok，
C餐附的檸檬紅茶偏甜了些，奶油餐包的口味也是偏甜的口感。"
 Kai-Rou Yu ,https://www.google.com/maps/contrib/113654375912464574242/reviews?hl=zh-TW,5,True,102,東區附近的義大利麵餐廳，平價，可以看到鋼鐵人模型，在光華商場附近還有另一家分店喔
 L C ,https://www.google.com/maps/contrib/103255264776356595763/reviews?hl=zh-TW,4,True,370,這家店也開了挺久的，也吃過，有義大利麵，燉飯，焗烤飯麵價格比較平價親民，份量不是特別大或多就是了，口味個人覺得就是走大衆家庭的那種口味沒有過多特別的調味和特別與眾不同，有套餐可搭配租合會比較有飽足感
 pp ,https://www.google.com/maps/contrib/113483652282291327430/reviews?hl=zh-TW,3,False,1,食物不錯吃但女店員服務態度讓人無解我是去用餐的不是去受氣的員工訓練可以加強嗎？
 Rick ,https://www.google.com/maps/contrib/104987853835677321171/reviews?hl=zh-TW,4,False,3,超高CP值義大利麵，平價卻不含糊，用餐環境也很好，值得推薦。
 Anna Tsai ,https://www.google.com/maps/contrib/100454664729678949367/reviews?hl=zh-TW,3,True,276,平價的義大利麵，上餐速度非常快5分鐘內菜都上齊了，濃湯不是很好喝，餐包有大蒜跟奶油口味，內餡很多味道很香非常好吃，義大利麵沒有入味，咖哩燉飯偏印度咖哩口味，牛肉餅也有咖哩味，檸檬紅茶很像雀巢公司的味道。
 Yalindog Li ,https://www.google.com/maps/contrib/114615690086810332738/reviews?hl=zh-TW,3,True,124,"辣炒海鮮義大利麵$145，奶油鯛魚義大利麵$120，B套餐$55(檸檬紅茶+熱沙拉+爆漿餐包2顆)
義大利麵調味平淡，麵條硬度很不錯。份量還算吃得飽。
用餐環境乾淨，服務人員動作迅速，套餐的餐包兩種口味(香蒜和甜奶油)算好吃。
整體而言平價且舒適，但若想吃好吃義大利麵可略過。"
 Cing siou Lin ,https://www.google.com/maps/contrib/105946951412317390893/reviews?hl=zh-TW,1,False,62,非常非常普通的義大利麵跟冷凍麵盒微波味道一樣，真不知道為何人還那麼多，7點多就沒有濃湯.....
 游銘杰 ,https://www.google.com/maps/contrib/106678481477097912785/reviews?hl=zh-TW,4,True,203,用餐環境舒適也有氣氛，廁所也乾淨！義大利麵都不錯（奶油培根跟青醬松子蛤蜊麵），海鮮燉飯，口味稍嫌清淡，整體來說cp不錯！
 張博宇 ,https://www.google.com/maps/contrib/104497838814647379653/reviews?hl=zh-TW,3,True,80,"平價麵包青菜湯好吃划算
麵普通蝦子要自己撥
被分到靠窗滿熱的都有食物越吃越燙的錯覺😢"
 陳思年 ,https://www.google.com/maps/contrib/103899553893338039944/reviews?hl=zh-TW,2,False,8,燙青菜很鹹，難以入口，咖喱焗烤裡面完全沒有配料，只有飯和肉⋯吃了很膩🤔🤔
 Alili ,https://www.google.com/maps/contrib/109216657659806692104/reviews?hl=zh-TW,3,True,332,第一次去吃覺得便宜又好吃CP值很高這次去整個很失望不知道為什麼牛肉整個沒熟非常難咬麵的味道也不是很好🥲好吃的只有雞塊
 Deborah Liu ,https://www.google.com/maps/contrib/109880137083991468340/reviews?hl=zh-TW,5,True,85,"這家不論是義大利麵、燉飯、焗烤，甚至麵包跟飲料都很好吃也很好喝♡麵包還是會爆漿的那種😍而且加套餐很便宜，CP值超高的！大推！
對了~服務人員態度也很好，店內氣氛舒服，廁所乾淨。"
 Sherri CHUEH ,https://www.google.com/maps/contrib/117846604217614237347/reviews?hl=zh-TW,5,True,76,第二次回訪，CP值高，餐點也美味，非常適合學生族群或上班族。
 游家蓁 ,https://www.google.com/maps/contrib/102481000290752732161/reviews?hl=zh-TW,5,True,147,"平價又好吃的義大利麵店
點焗烤奶油義大利麵才$125，搭配B套餐（新鮮檸檬紅茶、爆漿餐包2，主廚西湯）$55，總共才$180！
今日是馬鈴薯濃湯（應該是吧~因為沒吃到玉米，都吃到馬鈴薯😆），蠻好喝的，很濃郁，馬鈴薯煮到很軟，濃湯裡都是化的馬鈴薯。
奶油餐包真的爆漿，香蒜餐包蒜也很多，烤的剛剛好，好吃😋。
焗烤奶油義大利麵，奶油也很濃，義大利麵很香，加上焗烤好好吃♥。起司蠻會牽絲的，從送來到打評論，還是會牽絲😂。
檸檬紅茶也好喝，可以喝到檸檬渣渣，真的有新鮮。
整體滿意度很高👍"
 Ash Lee ,https://www.google.com/maps/contrib/105430609863996767662/reviews?hl=zh-TW,4,True,78,"料理不錯環境和氣氛也不錯
上餐速度很快是會讓人收入口袋名單的店

2019/12/29第三訪
今天下雨雨蠻大
所以到店的時候是第一組客人
（以前都是很多人）

餐點一樣平價又好吃
帶很多第一次吃的朋友都說很好吃
上餐速度也快

廁所乾淨舒適

很適合聚會聊天

到結束的時候陸續就有很多組客人進來用餐

套餐的檸檬紅茶是大家一致推薦最好喝的
餐包也很不錯"
 Han David ,https://www.google.com/maps/contrib/110579557331651695242/reviews?hl=zh-TW,3,True,465,味道中等的平價義大利麵，餐包也是中等等級，整體來說cp值還ok，價格跟品質是相符的，想吃吃義大利麵又沒預算的時候是個選擇
 Tim LIU ,https://www.google.com/maps/contrib/118356070767605549049/reviews?hl=zh-TW,4,True,532,"""OnceIhatepasta,nowit'smylife""令人莞爾的店介，料理確有其自豪之處。海鮮燉飯濃而不膩，海鮮仍保鮮甜多汁。惜店員服務還有進步空間，以這價格應能塑造更舒適的用餐環境。"
 黃建啟 ,https://www.google.com/maps/contrib/101784330873270534952/reviews?hl=zh-TW,4,True,328,"上餐速度快價位平實
甜的餐包好吃！！

唯青醬整個口味上
個人覺得稍微淡薄了點"
 Ayang ,https://www.google.com/maps/contrib/118306221548023341287/reviews?hl=zh-TW,2,True,250,真的很便宜但就沒有好吃，味道沒什麼層次，燉飯的飯煮太爛，飲料不行。但湯比一些同價位餐廳濃郁！可喜可賀，唯一覺得不錯的是餐包。
 Mei Hsu ,https://www.google.com/maps/contrib/106913870312724118352/reviews?hl=zh-TW,5,True,103,人氣店舖，有燉飯米剛剛好透、義大利麵都好吃，上菜也很快~
 MEO TSAI ,https://www.google.com/maps/contrib/107259222276159269607/reviews?hl=zh-TW,4,True,120,到想微微慶祝一下，又想不到要吃什麼時，可使用熊好券的平價義大利麵真的很棒XD
 MD Rely ,https://www.google.com/maps/contrib/117253906990671629477/reviews?hl=zh-TW,5,True,308,"意外的不錯
雖然義大利麵要等久一點但這樣裝潢和這樣的餐點價格真的便宜耶😍"
 りんくま ,https://www.google.com/maps/contrib/104057946684628300986/reviews?hl=zh-TW,5,True,96,"環境乾淨、出餐速度快、服務品質好
水果茶好喝、餐點好吃CP值高👍"
 Doris Liang ,https://www.google.com/maps/contrib/117736982074004866742/reviews?hl=zh-TW,1,False,3,外帶晚餐時店員在廚房咳到快斷氣，還一邊咳一邊伸手拿藥包。雖然有戴口罩，但疫情期間看到這種景象應該沒有人吃的下去吧。因為是打電話訂的不好意思不取餐，前幾天還叫了外送，現在心裡真得很惶恐。做餐飲的員工病成這樣也應該考慮讓他休假吧⋯。本來是這間店的忠實顧客，但這種管理方式真的是不敢恭維。
 高靜文 ,https://www.google.com/maps/contrib/102614764490644407292/reviews?hl=zh-TW,4,True,208,很親民的價格，又好吃，CP值高
 Yuwen ,https://www.google.com/maps/contrib/115136130866767748287/reviews?hl=zh-TW,5,False,10,味道依舊好！份量多，也平價，可以有扣打點一些小點。很喜歡吃這裡的青醬~
 芷琳Elaine ,https://www.google.com/maps/contrib/105846253755830438730/reviews?hl=zh-TW,5,True,154,"Cp值很高！這樣才140
辣椒麵真的有辣而且很香，麵還很大一盤
濃湯超濃郁，非常的好喝
麵包跟飲料覺得普普
整體來說，是很不錯的選擇！"
 李瓊兒 ,https://www.google.com/maps/contrib/115705465590715022775/reviews?hl=zh-TW,1,False,2,"用ubereats點熱沙拉
結果來的是花椰菜？？
熱沙拉應該改名熱花椰菜
番茄海鮮的番茄醬很水甜甜的很像可果美番茄醬加水調出來的
麵就是麵粉味沒有番茄醬吸附也沒有海鮮味喔而且非常軟
155可以吃到比這好吃太多的義大利麵了"
 Vina Wang ,https://www.google.com/maps/contrib/116103994201547409552/reviews?hl=zh-TW,5,True,310,"在東區算是親民平價的義大利麵店
整體口味偏台式口味
加套餐也不貴
濃湯用料實在豐富吃到滿滿玉米
餐包會給2種不同口味-奶油和香蒜

點的是奶油海鮮焗烤麵
口味還算濃郁但不是非常驚艷的那種
份量滿少的食量大的建議可加麵
但以價位來說還ok

總之想不想花太多錢也不會太講究義式料理的可以來吃～～"
 david liu ,https://www.google.com/maps/contrib/111363979171574379746/reviews?hl=zh-TW,5,True,414,好吃便宜，口味實在，麵包有兩款口味都不錯，店內裝潢以鋼鐵人為主，據主題性，店員面對外國人不說英文，要求外國人要懂英文，有個性，讚
 94ishare ,https://www.google.com/maps/contrib/109668384819286297063/reviews?hl=zh-TW,5,False,39,第一次經過這。。看了評價不錯就進來吃吃看了。今天是新手幫我服務的，也因此錯過了我的餐點。但店家很有誠意的態度讓我會再來享用美食的😋
 John Chang ,https://www.google.com/maps/contrib/100361540722788124493/reviews?hl=zh-TW,5,True,58,物超所值的義大利餐廳，真的還蠻適合學生與小資族的，餐點品質在價位之上
 QQ Yang ,https://www.google.com/maps/contrib/106041440973719340776/reviews?hl=zh-TW,1,True,125,"很糟，很難得沒吃完...但為了不浪費還是把白酒蛤蜊義大利麵的麵吃完....，很鹹，雖然很愛蒜味重但整個味道不ok。

凱撒沙拉的醬很噁....，醬水水的，很像是冰過很久的加水美乃滋。

焗烤咖喱雞肉麵，麵軟，雞肉胡椒味，整體搭配很怪。

餐包，蒜味的超鹹....，甜的奶油餐包裡面是鮮奶油，不是黃色的奶油....

優點就是便宜吧。"
 Cheng Flora ,https://www.google.com/maps/contrib/106894512348546116000/reviews?hl=zh-TW,5,False,6,義大利麵很好吃，老闆會詢問調味是否能接受，態度很好，去很多次了
 Orange Bun ,https://www.google.com/maps/contrib/110480154086527058199/reviews?hl=zh-TW,4,True,131,平價義大利麵份量ok，餐包不是很好吃有點小可惜
 Sherry Su ,https://www.google.com/maps/contrib/100305541657336517474/reviews?hl=zh-TW,4,True,108,是平價的義大利麵，主餐沒有特別突出，但附餐的餐包跟紅茶表現很好，整體cp值蠻高。
 王士睿 ,https://www.google.com/maps/contrib/101244063993110078737/reviews?hl=zh-TW,1,False,15,"你們sogo分店的食物怎麼可以這麼難吃，又讓人等這麼久？

麵裡面有奇怪的味道，也沒入味，炸雞超級難咬..."
 Jason Lee ,https://www.google.com/maps/contrib/114204692615855305456/reviews?hl=zh-TW,4,True,184,"算是平價好吃的義大利麵。
奶油鯛魚麵味道濃厚，鯛魚肉片又厚又嫩，並且用高麗菜炒過。
餐包是現烤的很燙，檸檬紅茶有酸到。
我會願意再回來！"
 Kala Yu ,https://www.google.com/maps/contrib/117450144027649395991/reviews?hl=zh-TW,5,False,31,"白酒蛤蜊蒜香義大利麵超好吃的阿!
不知道誰檢舉我，害我Po不上來。
這我吃過最好吃的阿!
如果在我家附近我一定天天點這道"
 Cモラ（MORRAモラ） ,https://www.google.com/maps/contrib/106134270165447842674/reviews?hl=zh-TW,4,True,283,"環境很輕鬆有氣氛，看得出來店長是MARVEL迷，有一隻真實尺寸的鋼鐵人杵在那!

餐點價位合理，料很多，只是松子略顯濕氣，應該是烤得不夠久吧？沒有堅果的油脂香氣，反而這種碎花生大小很阻礙口感。意大利麵的部分，沒有到彈牙，但也不難吃，醬料很濃所以可以輕易沾在麵上入口。

套餐價格划算，奶油玉米濃湯獲得一致好評，中午人很多要注意用餐時間哦!

店內忙碌時段飲料都是用外帶杯承裝，建議可以告知店員用馬克杯或是自備吸管等等，
比較環保一點。"
 站群哥 ,https://www.google.com/maps/contrib/105725990674583373647/reviews?hl=zh-TW,3,True,96,便宜大碗，味道略差，環境乾淨，出餐快速，整體普普。
 Kerwin Lo ,https://www.google.com/maps/contrib/101946021536067485978/reviews?hl=zh-TW,4,True,747,"用餐環境氣氛佳
廁所乾淨
蕃茄蔬菜雞肉麵不錯吃
平價CP值高"
 Kate Wang ,https://www.google.com/maps/contrib/114252989513619175861/reviews?hl=zh-TW,1,True,42,衛生極差，洗手台有水霉，碗盤沒洗乾淨，店內很多果蠅，餐包居然是用衛生紙墊而非餐巾紙，導致麵包上黏衛生紙，麵醬都是勾芡極為難吃
 Ariel CH ,https://www.google.com/maps/contrib/108064113524226125377/reviews?hl=zh-TW,4,False,341,"麵份量多，價位平實！
檸檬紅茶好喝，麵香氣足！這樣的價位也沒什麼好挑剔了！"
 Vibes Good ,https://www.google.com/maps/contrib/104370640217908989181/reviews?hl=zh-TW,3,True,369,"年輕人的口味，份量剛好。
蒜味辣椒義大利麵味道偏鹹
青醬奶油雞肉義大利麵很好吃
額外加點起司豆腐還有主廚牛肉捲，
（因為便宜，所以價格跟品質是相等於的）"
 Elle Lo ,https://www.google.com/maps/contrib/115926576541078725261/reviews?hl=zh-TW,5,True,47,"第二次來還是很喜歡
套餐加購價很親民（$35-$75）
爆漿餐包超好吃，飲料也好喝～
目前點的主餐都沒有被雷到，
送餐速度快，店內環境舒服
是個好店！"
 Nicole Tseng ,https://www.google.com/maps/contrib/116416122998665018552/reviews?hl=zh-TW,5,True,126,"Cp值很高的店👍👍👍環境也乾淨
濃湯麵包飲料都不錯～"
 火人13 ,https://www.google.com/maps/contrib/106971822623700051859/reviews?hl=zh-TW,5,True,358,"Cp值很高
平價不難吃
出餐快"
 吳崇琦 ,https://www.google.com/maps/contrib/105960776281234113249/reviews?hl=zh-TW,5,True,18,巷弄中探險，無意中發現顯眼，一尊鎮店之寶鋼鐵人就放在店門口，餐廳裝潢採（工業素材風格）義大利麵焗烤餐餐廳🍴，人潮絡繹不絕的人潮餐點價格平民，副餐爆漿奶油與蒜味餐包必吃口味獨特，飲料是真🍋檸檬紅茶，第一口喝下去太令人吃驚口感如清玉⋯酸好喝，主餐味道好吃料也多，且餐點非常細心，麵軟硬度都可告知廚師都會特製喔！
 宋婷 ,https://www.google.com/maps/contrib/103988084572198117304/reviews?hl=zh-TW,1,False,1,服務態度很差，上班時間滑手機？送餐臉臭就就算了，放很大力什麼都沒說直接轉頭就走，看起來很不爽客人的感覺，請她幫我結帳假裝沒聽到，廚房人員還把口罩拿下來...
 Sheena ,https://www.google.com/maps/contrib/117415190704004462687/reviews?hl=zh-TW,4,True,21,環境乾淨、出餐快速、餐包有蒜味和奶油（甜）兩種口味，餐包不錯。C套餐裡的「義式燙青菜」蠻可惜的，因為溫熱的美生菜並不是特別美味⋯。義大利麵份量夠多、口味不錯～加分加分～
 vivian cheng ,https://www.google.com/maps/contrib/104853177492307040164/reviews?hl=zh-TW,2,True,18,店內蒼蠅大又多可惜了裝潢很特別建議改善一下
 Sian-Hua Zeng ,https://www.google.com/maps/contrib/100424826836667697941/reviews?hl=zh-TW,5,True,60,餐點好吃，最重要是價格很親民，還不錯。
 Garfield Lins ,https://www.google.com/maps/contrib/111365333945245974028/reviews?hl=zh-TW,1,True,227,"義大利麵放高麗菜，雞肉不新鮮，有明顯加酒的味道…但是完全不襯
難吃"
 Aaron Kao ,https://www.google.com/maps/contrib/107586972788536781455/reviews?hl=zh-TW,3,False,622,只收現金，不提供開水，免開統一發票。
 三盛工坊 ,https://www.google.com/maps/contrib/116318739290280170587/reviews?hl=zh-TW,3,True,59,東區難的平價義大利麵餐廳，份量多料也多，上餐速度很快，不收服務費
 旅遊是生活的一塊拼圖 ,https://www.google.com/maps/contrib/109480864746358308236/reviews?hl=zh-TW,2,True,110,麵包好吃，麵沒什麼味道像水燙過而已，白醬也沒什麼味道，海鮮不新鮮，因為不貴，單純溫飽還可以。
 MAKY承冽 ,https://www.google.com/maps/contrib/116104341708914849938/reviews?hl=zh-TW,4,True,32,本日限定海陸番茄奶油燉飯蠻好吃的但裡面的花枝不好吃😕
 謝ian ,https://www.google.com/maps/contrib/109862423040169321169/reviews?hl=zh-TW,4,True,204,親民的價位，上餐速度快，味道還不賴，裡面還有一具可供拍照的鋼鐵人。
 甯甯 ,https://www.google.com/maps/contrib/111304930899420723743/reviews?hl=zh-TW,5,False,9,用餐環境很好，餐點cp值超高好吃又大碗，服務很好
 巫凱群 ,https://www.google.com/maps/contrib/103002614139771895241/reviews?hl=zh-TW,3,False,47,價位中間不過醬汁過膩海鮮不新鮮麵條有點不順口麵包的內餡過甜很膩外皮也沒有到很好吃
 蔡慧月 ,https://www.google.com/maps/contrib/102403881393381125548/reviews?hl=zh-TW,4,True,266,價格真的很親民，上餐迅速，用餐環境還不錯。
 Ellice Wang ,https://www.google.com/maps/contrib/114314351055465634734/reviews?hl=zh-TW,3,False,16,"補充：既然店家有心回應，我把兩顆星改三顆星。我不覺得店家特別送來的餐點可以證明餐點品質有改善，也不需要任何補償，我會找個時間再試一次，再來評價。

買Panda外送的，但我找不到如何在Panda評價，海鮮不新鮮，還吃到小碎片...評價這麽高還買到雷，這麼高分是怎麼了？"
 Hedy ,https://www.google.com/maps/contrib/103483585568097319861/reviews?hl=zh-TW,5,False,54,餐點美味，價格公道，出餐速度也不賴！
 Kin Hang Wong ,https://www.google.com/maps/contrib/102348020315038886369/reviews?hl=zh-TW,5,True,41,午餐吃了蕃茄西班牙海鮮飯，蕃茄汁非常充足，差不多到湯飯的程度。味道不酸，一個人份量剛剛好。
 雅文 ,https://www.google.com/maps/contrib/113159271024094235239/reviews?hl=zh-TW,5,False,10,東西很新鮮，環境好看，速度快，服務生很親切，鋼鐵人很帥，值得吃❤
 yu chen w ,https://www.google.com/maps/contrib/111346657255961959290/reviews?hl=zh-TW,5,True,50,奶味很濃就給過😍份量一般，高歷菜混在燉飯裡看起來沒很配但吃起來還不錯！
 Mei Yang ,https://www.google.com/maps/contrib/116584118392219358104/reviews?hl=zh-TW,5,True,66,"環境乾淨整潔👍
上菜速度服務生態度也很好👍
焗烤麵裡面有筆管麵跟貝殼麵👍
原香雞翅很有味道肉也很嫩👍
重點是平價又美味來好多次了推"
 Nature ,https://www.google.com/maps/contrib/105462718066225101095/reviews?hl=zh-TW,3,True,117,"之前都在萬芳店吃，
今天在找晚餐的時候路過，
想說是連鎖的應該品質都一致，
就果斷推開門了，
五點半左右，
看來我是晚上第一位客人；

點了基本的白醬雞肉義大利麵，
看起來很可口，
但是有點不搭嘎地放入了高麗菜一起炒，
以及雞肉塊真的好乾，
超級乾的那種，
真的很難下嚥，
為了不浪費只好硬著頭皮吃完，
麵條跟醬汁都是好吃的，
就是不知道雞肉到底出了什麼事😵‍💫"
 Kevin Wang ,https://www.google.com/maps/contrib/104641337911185302102/reviews?hl=zh-TW,3,True,159,價格還算合理，不過海鮮沒有煮熟，醬汁跟麵條沒有結合得很順，吃起來口感不如預期。
 羅森 ,https://www.google.com/maps/contrib/112789070729045956000/reviews?hl=zh-TW,1,False,1,配料會因不同的員工上班而有差異(不是指飯量)有時真的比較少或非常少
 Wei Hsuan Chiu ,https://www.google.com/maps/contrib/103582539623743395517/reviews?hl=zh-TW,4,True,92,"調味稍淡，可以用這個價位吃到更好的餐點，但是裝潢用心！
-
看到店家的回覆覺得對於客人的平價很用心，＋1星！"
 瑪亞Maija ,https://www.google.com/maps/contrib/108048266714862389213/reviews?hl=zh-TW,5,True,203,"好吃到忘記拍照
難得的蛋黃區評價又認真做的義大利麵店
白醬很濃郁焗烤跟燉飯也都很入味
每個都好吃辣椒一級棒超~辣!
非常便宜CP值很高
一定要加購套餐餐前麵包奶油跟蒜味
必吃!!國父記念館站走3分鐘
中午人比較多有訂位比較保險唷～"
 wun jing ,https://www.google.com/maps/contrib/106817864277102562749/reviews?hl=zh-TW,5,True,90,平價，出菜速度快，很超值
 Che Fu Lin ,https://www.google.com/maps/contrib/102613216494194287197/reviews?hl=zh-TW,2,True,32,"中午用餐，生意不錯的狀況下，
工作人員似乎有點太少只開一爐，等了比預期的久。
嘗試了白酒蛤蠣麵，很特別是湯麵的做法，但很可惜並不好吃，
麵體跟白湯吃起來是分開的，麵沒有入味只有單純的鹹味，蛤蠣不確定是不是煮了太久，已略為縮水，且沒有正常應有的彈性與鮮味。
單就此餐點而言，不推薦。"
 歐小橘 ,https://www.google.com/maps/contrib/106045899826253985360/reviews?hl=zh-TW,5,True,78,平價好吃的義大利麵，玉米濃湯超好喝
 Howard Yu ,https://www.google.com/maps/contrib/118213720238045559579/reviews?hl=zh-TW,1,True,54,"廉價的義大利麵店，海鮮焗烤裡面就是大量白飯跟便宜配菜，一分錢一分貨，畢竟在店租這麼高的東區賣這麼便宜，食材也沒辦法用很好，建議可以漲價提升食材品質。
冷氣出風口直接對著座位頭吹，風速開到最強，跟店員反應被白眼拒絕，難怪晚上用餐時段只有3成滿。"
 Jeff Huang ,https://www.google.com/maps/contrib/111164104510528642144/reviews?hl=zh-TW,4,True,86,蒜味十分濃厚，辣醬味道獨特，建議敢吃中辣以上再加
 Siou Liou ,https://www.google.com/maps/contrib/110846168078423091831/reviews?hl=zh-TW,1,True,793,醬汁味道非常淡、花枝完全沒味道、淡菜不新鮮、蝦子非常的水且無味
 Wen ,https://www.google.com/maps/contrib/112163652505564225901/reviews?hl=zh-TW,2,False,11,"調味太鹹了⋯⋯點白酒蛤蠣吃完超級口乾舌燥
我是點外送其他分店沒有這個問題
真的鹹到不舒服那種"
 張嘉恩 ,https://www.google.com/maps/contrib/115997923194113858420/reviews?hl=zh-TW,1,False,26,義大利麵淡得非常好吃，不能只有我踩雷
 吳庭侑 ,https://www.google.com/maps/contrib/116727356777647979558/reviews?hl=zh-TW,5,False,12,白醬無可挑剔，奶香醇厚，鹹度也適中，麵條口感很棒，套餐的紅茶及餐包也不馬虎，且價格非常親民，物超所值！
 CAROL WANG ,https://www.google.com/maps/contrib/108883943564408150934/reviews?hl=zh-TW,5,True,41,好吃，用料實在，檸檬紅茶好喝
 Tiffany Hsu ,https://www.google.com/maps/contrib/107966554632974971130/reviews?hl=zh-TW,5,False,4,墨魚海鮮料多好吃，檸檬紅茶好喝，這價位在台北市非常實在，會想再回鍋。
 韓季言 ,https://www.google.com/maps/contrib/114815828362018676305/reviews?hl=zh-TW,5,True,327,平價，但品質一點都不馬虎，麵不會軟爛。
 Ray Wu ,https://www.google.com/maps/contrib/113840742102415179368/reviews?hl=zh-TW,3,True,114,覺得食物表現普通，沒有特別會想再訪的店。乾淨舒適。店裡的鋼鐵人很帥。
 kitty chen ,https://www.google.com/maps/contrib/114912325538194309748/reviews?hl=zh-TW,5,True,42,餐點價格平價，份量足夠。上菜速度快
 木子李愛吃美食 ,https://www.google.com/maps/contrib/109664183389804684308/reviews?hl=zh-TW,4,True,94,辣椒夠辣，非常厲害，奶味濃
 彥廷 ,https://www.google.com/maps/contrib/101880225582202234131/reviews?hl=zh-TW,2,True,24,"來這總共用了兩次餐

第一次來覺得餐點環境還不錯，
所以來了第二次。

第二次有點失望！
1.服務人員要加強，小姐動作很趕
不怎麼親切（感覺臭臉）
給人觀感不是那麼好

2.店內音樂不知為何乎大乎小😤
跟朋友聊天會影響我們

3.餐點部份ok
但建議兩人份餐包要分開放
因為我都吃到蒜味
沒有吃到爆漿奶油😢

重點是要加強人員訓練！！！
若下次再光顧感覺沒有很好
應該就不會再來用餐了"
 王錦煥 ,https://www.google.com/maps/contrib/107229358799600344037/reviews?hl=zh-TW,5,True,29,CP值首推這間，服務態度不會因為價錢實惠而降低。
 何建宏 ,https://www.google.com/maps/contrib/111421501533250577641/reviews?hl=zh-TW,5,True,45,"用餐舒適評價
味道水準之上
推薦海鮮奶香燉飯！"
 Chih-Yun Liu ,https://www.google.com/maps/contrib/107978543242815061620/reviews?hl=zh-TW,5,False,60,"說義大利麵要硬
送來真的是硬的太開心啦～～～～～～～～～
就這點細節我要給五星🤣"
 8225421 k ,https://www.google.com/maps/contrib/112034360471333256289/reviews?hl=zh-TW,1,False,26,覺得是台北最難吃的一家分店
 Wendy Ni ,https://www.google.com/maps/contrib/101967759244680483808/reviews?hl=zh-TW,1,True,103,"已經吃了好多次
好多年😢
外送義大利麵也只會點這家
但不知道是疫情還是怎樣
整個口味變調了
蒜頭辣椒麵沒有蒜頭味
完全沒有辣椒味

全家人點了三碗
一樣難吃！！！
好扯好像吃有加鹽泡爛的義大利麵

疫情也不用把食物做成這樣..."
 Chris Hung ,https://www.google.com/maps/contrib/115909460623336937354/reviews?hl=zh-TW,2,True,102,價格便宜100多元的平價義大利麵生意不錯就是得到一碗不算好吃不算難吃的台式義大利麵
 meatball sie ,https://www.google.com/maps/contrib/112261697374221431606/reviews?hl=zh-TW,3,False,19,朋友點的咖哩燉飯不錯，但我點的墨魚飯很難吃，很像隔夜飯隨意調味……
 Regina Chung ,https://www.google.com/maps/contrib/100706252682756675242/reviews?hl=zh-TW,2,False,4,以這個價位相信會有更好吃且服務態度更好的店家，不會再光臨
 Syh Shiuan Ng ,https://www.google.com/maps/contrib/110771698432635094833/reviews?hl=zh-TW,4,True,534,"海鮮燉飯（NTD145）
燉飯濃郁，醬汁入飯
料都藏在裡面！很豐盛！"
 康雅玲 ,https://www.google.com/maps/contrib/116966273655046418151/reviews?hl=zh-TW,5,False,10,"CP值高的餐廳平價又好吃
平日中午人很多會比較需要等一下座位
環境乾淨服務態度不錯"
 盈毅劉 ,https://www.google.com/maps/contrib/113880590153255497868/reviews?hl=zh-TW,1,True,236,本來是CP值高的店但一個爛店員就是會影響觀點，昨天去拿餐點的時候店員態度很差說我現在很忙你知道嗎
 世弘周 ,https://www.google.com/maps/contrib/118197287064399748879/reviews?hl=zh-TW,5,True,67,外帶好吃還有好喝的檸檬紅茶
 YS C ,https://www.google.com/maps/contrib/116807956512476941805/reviews?hl=zh-TW,5,True,54,"味道好吃，只是比較偏臺式🇮🇹🇹🇼。就是比較「醬」的感覺，然後茄汁偏甜。
麵的份量夠，但建議可以配個套餐因為餐包蠻讚的（一個大蒜、一個奶油會爆漿）👍👍
然後沒什麼菜，建議店家可以加上蘿勒葉或是香草🌿在視覺以及味覺上作點綴，增加層次。
價格划算大概介於85~165，有很多餐點選擇。
餐廳的裝潢屬於深色簡潔的，有落地窗增加亮度。座位比較不寬鬆。
在捷運國父紀念館站附近交通方便。小巷子進去就到了。
消費沒有開發票。"
 Charlene Li ,https://www.google.com/maps/contrib/101038661434041568248/reviews?hl=zh-TW,5,True,117,平價好吃！服務態度親切！
 ABin Tsai ,https://www.google.com/maps/contrib/103274341281776460885/reviews?hl=zh-TW,5,True,70,平價義大利麵。乾淨整潔
 說你好 ,https://www.google.com/maps/contrib/114100562146005327499/reviews?hl=zh-TW,4,True,203,價格便宜餐包好吃口味不錯但麵味道淡了些有點不鹹
 林Sir ,https://www.google.com/maps/contrib/102996114165890386283/reviews?hl=zh-TW,5,True,129,與朋友小聚用餐的好去處！
 Kuo Angel ,https://www.google.com/maps/contrib/111443161992037818151/reviews?hl=zh-TW,5,True,31,"餐點好吃！！
可以依據顧客的要求做客製化的餐點專屬美味～～
結帳時，還會詢問今日餐點口味是否滿意，服務人員親切有禮～
還有A、B、C的套餐可以做加點附餐，價位便宜份量又實在～
照片為：清炒類的橄欖油蒜片辣椒義大利麵(加大+$30)$115，加點B套餐有～兩個餐包(一個是大蒜口味、一個是奶油口味的)、檸檬紅茶(是真的檸檬汁哦！因為有喝到一些檸檬果肉)、主廚濃湯(今日是玉米濃湯)$55元，總價$170元
真是便宜又大碗的好味道！！😋😋"
 James Liao ,https://www.google.com/maps/contrib/106747190771936674473/reviews?hl=zh-TW,4,True,293,CP值很高的連鎖店，推香辣海鮮麵，燙青菜也很好吃。
 阿噗 ,https://www.google.com/maps/contrib/110612948487289863051/reviews?hl=zh-TW,2,True,89,"大蒜辣椒麵味道普普麵條不Q加麵多30..
最後把麵加在濃湯裡增加一點味道勉強吃完
奶油焗飯也是完全只有奶味吃不出其他味道
焗烤層烤的軟糊糊吃一半就很膩了
焗烤豆腐也是水水沒什麼味道
炸雞翅跟餐包是本日最好吃的
服務生上菜隨性
然後廚房很歡樂
裝潢環境不錯不過餐點跟服務生素質還需要加強
手機點餐好像有比較多方素選擇算是有加分"
 Tina Yang ,https://www.google.com/maps/contrib/117456145920176249674/reviews?hl=zh-TW,1,True,261,服務態度很差，不耐煩，且店員送餐、點餐、招呼客人都用跑的，在充滿熱湯與熱食的餐廳裡實在蠻危險的。連廚房人員都有注意到服務人員的態度，一度請對方「對客人溫柔點」。食物味道的話，就是東區一百多塊義大利麵的水準，無法要求。
 ssu-ting Wang ,https://www.google.com/maps/contrib/117006951693907780659/reviews?hl=zh-TW,5,True,152,便宜好吃！cp值高值得回訪
 wen ,https://www.google.com/maps/contrib/103646946432563976591/reviews?hl=zh-TW,5,True,48,"東西好吃到不行感覺麵都很用心在煮的哦
真的百吃不厭的義大利麵🍝
還提醒味道不足可以做調整很貼心❤️
果然好吃的東西都是需要等待的🤍"
 曾terry ,https://www.google.com/maps/contrib/105785852372569757384/reviews?hl=zh-TW,4,True,23,"座位舒適，看起來整體清潔，人員也都有在打掃，但偶有一兩隻小果蠅飛過，廁所沒有異味。

點的是奶油雞肉蔬菜配筆管麵，
加上E套餐總共185元。

套餐附餐青菜新鮮脆口
餐包兩種不同口味（蒜味奶油、爆漿餐包）覺得驚喜
玉米濃湯屬於濃淡適中，湯裡有蠻多玉米的很加分！

檸檬紅茶甜得剛剛好，大約早餐店中杯的量
特別好喝，希望能再多一些😌

主餐部分筆管麵稍缺嚼勁，調味偏普通
雞肉不乾柴，咬起來有彈性，還是不錯的。"
 Shihyao Liao ,https://www.google.com/maps/contrib/109474767283006647707/reviews?hl=zh-TW,5,False,12,檸檬紅茶偏甜但是麵多好吃牛肉捲超狠🔥
 Hsu shu rong ,https://www.google.com/maps/contrib/102356351941717501928/reviews?hl=zh-TW,5,True,43,平價義大利麵的好選擇！
 張庭瑄 ,https://www.google.com/maps/contrib/117089910034177573657/reviews?hl=zh-TW,2,True,21,"今日點了一份白酒蛤蜊湯麵及海陸番茄奶油燉飯加一份C套餐，白酒蛤蜊湯麵的蛤蠣完全沒有味道超扯，一點蛤蜊的鮮味也沒有，番茄奶油燉飯也沒有很重的蕃茄味，覺得這家調味整體偏淡，個人不是非常重口味的人但連我吃起來都沒什麼味道，讓我懷疑是不是主廚忘記放鹽巴哈哈～
套餐的麵包及飲料普普，就還好😂
想來這家的朋友請先三思哦😂😂😂"
 Wen Hsun Chen ,https://www.google.com/maps/contrib/105675969798535902192/reviews?hl=zh-TW,3,False,5,"7/16下午兩點左右用餐
這是近兩個月來第三次消費，前面兩次的餐點與服務都很不錯，包含特殊需求或餐品疑問都有貼心服務和耐心解說；套餐的餐包、飲料也令人覺得有加購的價值，前面店員也會提醒小心燙👍
但今日用餐完畢準備起身結帳時，因為同行的友人錢帶不夠，所以討論了一下(大概是他帶了多少，誰借錢給他……之類的)，可能因為我們位在門口櫃台旁邊又起身拿錢，店員隨即從出餐檯喊說在那邊結帳；當下我們有示意聽到他的話了，但還在討論金額的問題(想說一張大鈔順便一起結好了)，可能距離有點遠他沒聽到。後來另一位店員又從出餐檯請我們到那邊結帳，我們也回答：不好意思我們在分一下錢(整間店的人都在看我們，我很難解釋我們有人錢帶不夠這件事)，她隨即喊說：這邊可以分開結帳。
我可以理解大概怕客人跑單或走錯櫃台等結帳，隨時注意客人的動態想提醒我們；不過行為的原因也不是只有他們介意的那樣，就像我們知道要去那裡結帳，但就是要討論一下錢的問題，太過急躁的提醒反而讓我們感到不適(有一直被催促的感覺)，而且可能是因為距離比較遠他們等於是從出餐檯很大聲的跟我們說話，我們聽來他們是用吼的，而我們說話他們聽不清楚變成我們也要跟著大聲。可以的話希望能走近一點跟客人溝通，不是一昧的傳達自己的意思，也讓客人有討論跟溝通的機會；如果是因為比較忙，既然客人已經表明接收到訊息了，就麻煩先忙其他事等一下客人比較好。"
 Kai Chen ,https://www.google.com/maps/contrib/105516222917041707698/reviews?hl=zh-TW,4,True,231,店面環境好，在東區這地方價位也算高cp值的餐廳，老闆應該是漫威迷，門口擺了支1：1的鋼鐵人
 Emily Ou ,https://www.google.com/maps/contrib/113336222074941416552/reviews?hl=zh-TW,5,True,82,"番茄牛肉焗烤裡面的麵是筆尖麵+貝殼麵，喜歡！
在這一區，算是一間平價的庶民餐廳
不過每到用餐時刻，總是爆滿，也會比較吵一點
所以要做好心理準備"
 Charles Yu ,https://www.google.com/maps/contrib/101395030605764257079/reviews?hl=zh-TW,2,True,127,東西在這東區算便宜了，一開始我就注意到老闆老闆娘加一小姐三人怎麼有辦法照顧到三十幾個坐位的餐廳，我吃的套餐濃湯青菜餐包因為都是做好起來等，加熱一下就可上菜囉，很快喔！但標準放低一點還是可以吃喔，主食義麵其實不難吃就是普普，也是要放低標準啦不能跟現煮的來比，以北科大票選第一名來看是實至名歸，讓學生吃的飽又吃的起算是美事一件，千萬不要以上班族吃過美食的心態來吃。
 網黃Tiffany ,https://www.google.com/maps/contrib/118419864627891161836/reviews?hl=zh-TW,4,True,294,"番茄肉醬麵普通
建議嘗試奶油系列"
 MO “MO” S ,https://www.google.com/maps/contrib/110821333677250894308/reviews?hl=zh-TW,5,True,28,"真的很好吃，又便宜！
奶油口味超濃郁，清炒口味又香又辣，超喜歡💕
店員小哥哥小姊姊很有禮貌，推一個👍🏻"
 Casey Chao ,https://www.google.com/maps/contrib/109433147191279914151/reviews?hl=zh-TW,5,True,44,CP值高，口味在水準之上
 Ashley ,https://www.google.com/maps/contrib/117471240470593819704/reviews?hl=zh-TW,2,False,29,"聚餐好地點
但每次去耳朵都快聾掉了
密閉空間不只音樂大聲大家講話還要比音樂大聲
以為來到熱炒店
想要悠閒安靜吃飯的人去吃別的比較好

因為是開放式廚房
吃完整身會有油煙味
以為是吃了火鍋或燒烤

食物還不錯
但最近吃有點過鹹"
 劉紅豆 ,https://www.google.com/maps/contrib/117483488255244389806/reviews?hl=zh-TW,5,True,94,好吃，份量也不少，近下午快2點還可以點餐內用！
 Miao M ,https://www.google.com/maps/contrib/101584228469093152265/reviews?hl=zh-TW,5,False,109,"好吃，上菜快，飯類加大不加價，麵加大加$30.
服務可，還有隱藏版店貓要在準備打烊才出現喔"
 趙健銘 ,https://www.google.com/maps/contrib/107482600520353793132/reviews?hl=zh-TW,5,True,29,百吃不厭.......><(重點吃完一定要和鋼鐵人拍張照)
 藏唯重 ,https://www.google.com/maps/contrib/117411292972476800366/reviews?hl=zh-TW,1,False,4,先不說這麼大間為什麼沒發票，還有服務生之禮儀擦手指盤子都水等等的，我只說我點的墨魚麵，你們家的用墨魚汁做醬汁炒很不錯，但為什麼完全沒有墨魚汁的味道....我第一口墨魚麵味道只有一個只有”辣“味，我不曉得我是不是點到辣味口味的墨魚麵了....後續吃說實在我很仔細品嚐味道，味道真的我吃不出來，只有微微鹹味，花枝也沒什麼味道，墨魚汁完全沒有巴在麵體上，油不夠和火候，因為你們炒很乾了，後來我只好加起司粉吃了....如果炒成這樣，我是覺得不如直接用加工好的黑麵體，我覺得你們可以更好的，這是我的心得感想，你們一定可以很不錯的。
 Mandy HUANG ,https://www.google.com/maps/contrib/106144396392806610652/reviews?hl=zh-TW,4,True,137,東西很便宜，服務還算親切
 Daniel Lin ,https://www.google.com/maps/contrib/116559531874001811369/reviews?hl=zh-TW,4,True,83,"墨魚燉飯除了色以外沒香味更沒味道，就是一個“淡”~~~。
上餐速度快，價位親民，雖然菜色平平但應該可以擄獲不少想要優雅又想要小資的族群。"
 傅承鈞 ,https://www.google.com/maps/contrib/114753630874420276245/reviews?hl=zh-TW,1,False,1,難吃到爆，鹹到靠腰
 Sylvia Hsu ,https://www.google.com/maps/contrib/106776520457115692880/reviews?hl=zh-TW,2,False,29,"餐點還行但是服務不好一點都沒改善
來之前看了評論說到服務不佳，想說都是幾個月前的事，老闆也都有看到有回覆
沒想到今天來還真是見識到
門口沒站服務員，幾乎每個客人都被叫回來消毒手
外場女服務員一直在裡面跟另個內場女服務員聊天，外場幾乎沒在顧
客人自己去找他給菜單
建議老闆回覆評論的同時也可以真的改善
不然對餐廳一點都沒有幫助"
 Wing Cheung ,https://www.google.com/maps/contrib/114312703635093333903/reviews?hl=zh-TW,5,True,45,"麵度夠硬🧡
環境廁所又很乾淨
還可以看ironman
這價格沒對手啦"
 李智翔 ,https://www.google.com/maps/contrib/105607738931348528321/reviews?hl=zh-TW,5,False,16,CP值高、平價。當作平日午餐是滿足的。櫃哥服務好、有笑容
 Kiki ,https://www.google.com/maps/contrib/105332183491249014124/reviews?hl=zh-TW,1,True,135,今天去才剛坐下服務生安排的位置，就看到一隻超大超大蟑螂躺在桌上，而且是已經晚上7點鐘應該是人最多的時候，看到差點吐出來。麵味道很淡，不是很美味。
 MEI ,https://www.google.com/maps/contrib/111257439102538265955/reviews?hl=zh-TW,3,True,59,"奶油蕃茄海陸義大利麵
不好吃..
其他青紅白醬為基底的基本義大利麵看起來比較好吃"
 Stanley ,https://www.google.com/maps/contrib/102702249717769129241/reviews?hl=zh-TW,1,False,3,"竟然忘記客人的餐點。
星期日晚上和朋友們共四人到店裡用餐，朋友們的三份餐點很快陸續送來，只有我的還沒來，我以為是因為較費工，所以當下也不在意已經等了十分鐘，於是繼續等，可沒想到等我朋友們全都吃完了我卻還沒吃到飯，此時我已經等了約半個小時有了吧，朋友跑去詢問工作人員，得到一個讓我覺得相當荒唐的原因：忘記了。"
 徐國棟 ,https://www.google.com/maps/contrib/113323565685777653622/reviews?hl=zh-TW,3,True,230,份量，調味比較不足，當然因為價錢便宜
 莊逸文 ,https://www.google.com/maps/contrib/103592405511131891946/reviews?hl=zh-TW,4,False,2,"1外帶包裝仔細、外帶騎車回家約半個小時、沒有外露或打翻
2麵條有點偏軟、可能是隔了一段時間才吃的關係
3料給的非常大方、整碗的份量很足夠、男生吃得飽
4醬汁有點淡、但不影響整體吃起來的滿意度

以上"
 Wilson Chung ,https://www.google.com/maps/contrib/105687872310734980509/reviews?hl=zh-TW,4,True,54,"若您在繁華的東區找尋著“平價”又高CP的義大利麵餐廳那就是這間了！
餐點都可以做稍微口味上的調整，在來是他們套餐麵包是一甜一鹹並且都是包於麵包內，而湯的部分算是偏濃綢的，茶的確有點甜。但要找到這種價位的義大利麵還要再奢求全餐100分實在說不過去，再強調一次，若您要找尋平價義大利麵又高CP可以來試試，別再台灣鯛魚嘴了～"
 邱宏博(小牙) ,https://www.google.com/maps/contrib/110962296812275778495/reviews?hl=zh-TW,4,True,162,位置少了點，熱門時段去的話，可能要等一下子。東西口味還不錯，義大利麵份量可能沒有辦法滿足男生的食量。
 Jerry Yang ,https://www.google.com/maps/contrib/111220461836512395088/reviews?hl=zh-TW,5,True,146,奶油雞燉飯濃郁好吃~
 林魚魚 ,https://www.google.com/maps/contrib/109416254090637772130/reviews?hl=zh-TW,5,True,40,"在東區看到這價格我還以為我眼花
超級平價又蠻好吃的
味道吃起來跟附近一份三四百的差不多
上餐速度快還有正妹店員"
 Amy Wu ,https://www.google.com/maps/contrib/115727004622506997141/reviews?hl=zh-TW,3,True,57,透過FOODPANDA訂餐，點了蘑菇雞肉燉飯，番茄奶油焗烤麵，威尼斯番茄海鮮麵，只能說口味普普通通，燉飯真的難吃，唯一優點就是便宜
 Tiffany Dai (庭) ,https://www.google.com/maps/contrib/114082561679690088687/reviews?hl=zh-TW,3,True,80,"義式燙青菜就是微波的大陸妹加醬油膏（菜還輕微的黑），對不起是我腦補羅勒生菜加橄欖油或義式油醋醬！
奶油青醬雞肉麵，醬味道很淡，我覺得john不行
奶油培根義大利麵，味道太鹹⋯奶油還行
現榨檸檬紅茶就是現泡雀巢檸檬茶粉吧⋯
套餐吃下來平均一個人150還算平價
但這個價格配這口味，我寧可去同樣平價定位的「麵食主義」用餐🍴
本來想給兩顆星，多一顆星給店內裝潢的鋼鐵人好了，希望復仇者聯盟3你不要打爆美國隊長謝謝🙏"
 阿賢 ,https://www.google.com/maps/contrib/103430847968130414436/reviews?hl=zh-TW,5,True,20,餐點不錯吃，服務也相當的快速，焗烤類味道濃厚，小餐包好吃環境非常的舒適，如果是漫威的影迷ㄧ定要來看看，店內還有鋼鐵人的大型模型，意外的驚喜店內還有一隻胖胖的虎斑貓唷！
 Ke Yanga ,https://www.google.com/maps/contrib/111594113278062428661/reviews?hl=zh-TW,3,True,13,"食物部分還算及格，店員速度快但讓人的感覺不是專業和效率，而是急躁，有些話語口氣與行為過激了。
喔對了，價格合理，份量還好不算多。"
 ChihMin Chiang ,https://www.google.com/maps/contrib/101296788740308225852/reviews?hl=zh-TW,1,True,186,"點餐前詢問店員此餐點裡面有沒有洋蔥
店員說燉飯沒有洋蔥喔
我才點的結果每一口都吃得到洋蔥！難以下嚥⋯"
 戴君諺 ,https://www.google.com/maps/contrib/115220078774965106204/reviews?hl=zh-TW,4,True,52,算是CP值相當高的店，但是醬汁的味道偏淡，算好吃耐吃，但不到驚豔等級，忽然很想吃義大利麵的人來這邊可以解癮一下！
 u ,https://www.google.com/maps/contrib/102606748630097859415/reviews?hl=zh-TW,2,False,11,白醬的味道很淡，吃起來很水沒什麼味道，雞肉每次吃都覺得很硬很乾，唯一的優點是套餐的麵包很好吃
 YITING YIN ,https://www.google.com/maps/contrib/116529695694116798945/reviews?hl=zh-TW,4,True,77,目前多次叫外送，都能準時送達。價錢公道、份量充足味道也不馬虎。麵的口感稍軟但可以接受。
 KRW KRW ,https://www.google.com/maps/contrib/103455023748271440151/reviews?hl=zh-TW,3,True,21,配料豐富，但海鮮有腥味，整體來說對得起餐點價位，再高就不推了
 Lee Bluce ,https://www.google.com/maps/contrib/116212543792944491720/reviews?hl=zh-TW,2,True,104,"優點只有價格便宜。
但餐點的品質有待加強。
熱沙拉真的是有點糟
(高麗菜微波加熱加上和風醬)不會再點第2次。
燉飯裡有一小球飯沒用開裡面也是冷的。
燉飯的蔬菜是高麗菜跟幾粒青豌豆。
燉飯雞肉塊外面熱的裡面是冰的沒用熱。
上菜沒確認是否都到了。
主餐都吃完了。餐包卻都還沒來。
提醒了員工一下。才發現沒有給餐(小疏失)。
但值得稱讚的是裡面員工妹妹的態度還不錯。立馬將餐包補給我。

餐飲的品質不佳。不會想再去吃。"
 吳明璋 ,https://www.google.com/maps/contrib/117824142167335046319/reviews?hl=zh-TW,5,True,81,"中午餐期人很多稍微等了一下
不過餐點很好吃下次會再光顧"
 泡影 ,https://www.google.com/maps/contrib/100136014716627534451/reviews?hl=zh-TW,3,True,23,"吃起來普普通通，價格普普通通，說不上好也不算壞。
標準的餐廳。"
 陳欽瑋 ,https://www.google.com/maps/contrib/109280381392084998152/reviews?hl=zh-TW,5,True,90,餐點口味一般不過價錢也不貴就是了3年後再訪價位依然平價環境及餐點都大有進步從3星改為5星
 小金 ,https://www.google.com/maps/contrib/101442813867062365563/reviews?hl=zh-TW,4,True,402,"蝦子新鮮,飯量可增減"
 凱希 ,https://www.google.com/maps/contrib/113379464087901237571/reviews?hl=zh-TW,3,False,13,"叫外送看到你們訂單接了
然後等了半小時才被取消訂單
如果人力不足做不出來就不要開外送
浪費時間！

謝謝你的回覆有機會我會在光顧
所以一星改三星
之後不錯會再更改評價"
 Jason Su ,https://www.google.com/maps/contrib/115475192609348988809/reviews?hl=zh-TW,1,True,107,便宜沒好貨，況且他們價格也不算便宜。雖然叫I'mPasta，吃起來很沒義大利麵的fu。雀巢檸檬紅茶泡的飲料叫現榨，是唬人沒喝過？大概只有爆漿餐包還可以，但總不能只點餐包吧！
 Yuna yuna ,https://www.google.com/maps/contrib/105988969624726984931/reviews?hl=zh-TW,5,True,179,"大推奶油餐包
是會爆漿的那種><每次去都一定要點兩個
還有奶油蔬菜雞肉麵裡面有加蒜
是少數我吃不膩的奶油"
 周文 ,https://www.google.com/maps/contrib/111706924446377726022/reviews?hl=zh-TW,4,True,14,"中規中矩的義式餐廳
以價格來說在東區不貴
還有現烤的奶油餐包
室內裝潢的整齊乾淨
尤其是整體色系跟氣氛很不錯
餐點上味道也還算不錯
份量以女生來說差不多
男生如果怕吃不飽的話可以考慮加大
有興趣的朋友可以去試試看"
 Luke ,https://www.google.com/maps/contrib/109097042124673461952/reviews?hl=zh-TW,1,False,3,店員打翻我的飲料到我的手機上竟然只是擦兩下就走了？飲料不給我一杯新的，還留一大灘在我手機上面，公司到底怎麼管理的，教出這種員工。個人經驗分享，前車之鑑希望各位不要受害！
 陳建霖 ,https://www.google.com/maps/contrib/113211574030020905650/reviews?hl=zh-TW,4,True,47,CP值很高的餐廳，今天吃了白醬青醬意大利麵和焗烤通心麵，口味都很不錯，也不會過鹹，價位也合理
 越智林檎 ,https://www.google.com/maps/contrib/103132682977307339601/reviews?hl=zh-TW,1,False,45,用foodpanda點餐外送，比較貴是正常的但是卻沒有送紅茶過來，網頁上也沒有標註不會送飲料，所以打電話去問，但是電話怎麼樣都打不通，我想這樣除了給負評以外沒有別的方法了
 Joe Ellen ,https://www.google.com/maps/contrib/108196178900284360508/reviews?hl=zh-TW,1,False,16,"根本就還沒有到用餐時間3：30
店員直接把餐收走
我嚇到狀態下店員才問還有需要嗎
嗯...連吃都不想吃了

謝謝櫃檯還有關心我有沒有吃飽"
 LOAKI Travel Food Park ,https://www.google.com/maps/contrib/113252272778166128244/reviews?hl=zh-TW,3,True,226,"可能因為忙碌的生意而忽略了服務品質，不至於無禮可是會讓人覺得稍稍不適😅

口味部分中規中矩，以價格來說非常經濟實惠

再訪意願低適合附近的朋友用餐而非專程去😅"
 Pan邦 ,https://www.google.com/maps/contrib/112633284779206918782/reviews?hl=zh-TW,5,True,43,從小吃到大！太讚了！平價又好吃，乾淨整潔又有氣氛～CP值超高
 Sara Sung ,https://www.google.com/maps/contrib/109462326702436618893/reviews?hl=zh-TW,5,True,104,餐點真的百吃不膩，店員有時感覺人手不足容易小忘記我的餐點還有點什麼😆但整體評價是非常👍🏻👍🏻👍🏻
 Allen Y ,https://www.google.com/maps/contrib/104962777148101022594/reviews?hl=zh-TW,2,False,744,服務跟氣氛都不錯，適合聊天。點了番茄海鮮跟青醬蛤蜊，醬汁都偏稀不夠入味。熱沙拉就是燙青菜。套餐飲料是檸檬紅茶。
 天塵 ,https://www.google.com/maps/contrib/113068675397340603828/reviews?hl=zh-TW,1,False,13,原本成功訂了15個人位置，時間人數都到齊，才發現店家沒幫我們保留，還給其他客人。讓我們在大熱天去臨時找其他店家落腳。
 Rosalind Lee ,https://www.google.com/maps/contrib/110046156252367351651/reviews?hl=zh-TW,2,True,693,真的就只是平價，但麵真的很不好吃，海鮮蒜炒的蝦腥味很重，爆漿餐包也不是每個都爆漿，還在麵裡吃到奇怪的物質，刮到嘴巴，總之不會再來了
 胖虎貓 ,https://www.google.com/maps/contrib/111189396004540638851/reviews?hl=zh-TW,5,False,9,上餐速度神快，環境也不錯，我是大食怪但是份量飽到不行，態度也很好，廁所很乾淨，實在沒什麼好挑剔，這價位都不知道老闆賺什麼～
 俞婷 ,https://www.google.com/maps/contrib/105544339293383288131/reviews?hl=zh-TW,4,True,207,平價，餐點還不錯。
 Sharon Chen ,https://www.google.com/maps/contrib/115006160701892796473/reviews?hl=zh-TW,4,True,194,平價意大利麵，奶油醬吃起來很順口不會很膩，麵條硬度適中，料也給得很實在，可惜麵份量偏少。
 衣悠 ,https://www.google.com/maps/contrib/106027278196883029265/reviews?hl=zh-TW,2,True,70,"當天點了意大利麵和焗烤,兩者味道都普通而且陽春,也沒有主動提供佐料,如果需要佐料要自己向服務人員索取~"
 syhuuui ,https://www.google.com/maps/contrib/106703496861427110332/reviews?hl=zh-TW,4,True,160,"真的很可惡，用熊貓下單然後已經信用卡扣款了,貴店接單之後又取消訂單？？？如果無法接單幹嘛開放困擾人！！
已經像熊貓反應信用卡退費問題，希望貴店無法接單就不要開放訂購，浪費時間又造成困擾

我收到的訊息是店家取消訂單，點單編號是#w3id-a7gk

店家有主動電話告知原因，可能是系統平台運作的問題，也謝謝你們協助確認和處理，有機會在訂購，祝福生意興隆"
 Cheng Shudar ,https://www.google.com/maps/contrib/114946453693577101712/reviews?hl=zh-TW,5,True,28,比一般平價義式餐廳的味道好多了，老闆店員都很親切，還會再來。
 Jordan Yu ,https://www.google.com/maps/contrib/109431304579457922523/reviews?hl=zh-TW,1,True,131,"第一次光顧,不瞭解菜單,詢問服務生,服務生冷冷回答完,不管你懂不懂,再補一句”你們慢慢看“,服務生就走了!
餐包很燙(可能剛出爐),送上桌後,跟服務生要餐具,只冷冷回應等下會給....
遲遲未等到餐具,用手拿,餐包還爆漿(也沒提醒).....燙....
食物口味死鹹(一同去的成員都認同)
唯一感覺窩心的是買單時,可能是老闆當收銀,態度很親切!"
 Lesong ,https://www.google.com/maps/contrib/109759211581009504265/reviews?hl=zh-TW,5,True,257,"空間很大乾淨
店員親切友善
餐點好吃份量足
重點是很便宜!!!"
 Jill Lee ,https://www.google.com/maps/contrib/112642358336790780204/reviews?hl=zh-TW,5,True,65,好吃！份量也足！紅茶、濃湯、麵包都好讚！大推～老闆娘人也超好，我愛大辣！！
 qi Sun ,https://www.google.com/maps/contrib/104495038880145018773/reviews?hl=zh-TW,5,False,10,"義大利麵料多實在環境也很乾淨非常平價
感覺的出來老闆很用心經營👍👍"
 x yz ,https://www.google.com/maps/contrib/101417958693959370371/reviews?hl=zh-TW,5,True,168,"餐點都很好吃～還會再光顧！

—————————

已經連續吃三天了🤩🤩"
 陳肇翔 ,https://www.google.com/maps/contrib/103941520350205295193/reviews?hl=zh-TW,5,False,7,店長與服務生都很熱情，義大利麵平價也不馬虎，適合臨時與朋友聚餐👍👍
 George Wang ,https://www.google.com/maps/contrib/111374714598965386513/reviews?hl=zh-TW,4,True,82,義大利麵選擇多元且平價，餐廳內部空間寬敞，單獨用餐到一群人都可以容納，聚餐的好地方。
 manping ,https://www.google.com/maps/contrib/106125174514160783703/reviews?hl=zh-TW,3,False,84,是很平價但味道不太對，奶油醬很怪，茄汁也不對，麵條太軟
 林桓吟 ,https://www.google.com/maps/contrib/104281506380103708748/reviews?hl=zh-TW,3,True,122,"奶油培根的醬很鹹
環境不差"
 evilkid0346 ,https://www.google.com/maps/contrib/102101282101434028010/reviews?hl=zh-TW,5,False,14,"覺得cp值很高又好吃
不懂那些嫌料太少太平淡給一兩顆星的人是怎麼了
你在台北市花1.200元，但想吃到3.400元的享受，這樣的標準怪怪的"
 L Chen ,https://www.google.com/maps/contrib/110346631516721128356/reviews?hl=zh-TW,5,True,120,CP值不錯，上菜速度快，環境乾淨
 How Chang ,https://www.google.com/maps/contrib/105393723005588773044/reviews?hl=zh-TW,5,True,19,cp值高，餐點好吃，環境乾淨
 施孟岐 ,https://www.google.com/maps/contrib/113345422318214628767/reviews?hl=zh-TW,4,True,94,四顆星是給環境及服務，點海鮮麵，海鮮沒味道，不新鮮
 CY Lin ,https://www.google.com/maps/contrib/102313601672704248382/reviews?hl=zh-TW,5,True,133,"有全素和方便素餐點，價格親民，適合朋友聚會
套餐的奶油爆漿餐包真的很誇張的爆漿，吃時候要注意不要滴下來
套餐的義式蔬菜就還好"
 陳宜璐（Candice Chen） ,https://www.google.com/maps/contrib/118356343494873472375/reviews?hl=zh-TW,5,True,159,食材份量充足，口味不錯，服務人員用心詢問餐點口味份量，上餐也快速。
 潘咭 ,https://www.google.com/maps/contrib/111131638995772660145/reviews?hl=zh-TW,5,False,3,"平價東西不錯吃服務生親切
對常客來說都會很特別的招待👍"
 lumy /Jamie lu ,https://www.google.com/maps/contrib/111562974341690184970/reviews?hl=zh-TW,5,True,158,"東區難能可貴的義大利麵餐廳。
餐點的CP值高。
適合好友聚餐慶生。"
 葉欣怡 ,https://www.google.com/maps/contrib/101418697525462743182/reviews?hl=zh-TW,5,False,21,"餐廳等級的義大利麵、平民的價格。
CP值很高。
已放入喜愛的口袋名單。"
 Rita Wei ,https://www.google.com/maps/contrib/115591858740777687425/reviews?hl=zh-TW,1,False,3,別人比我們晚到都先拿到餐點，問說什麼時候會好，只說餐點要稍等，而且店員臉很臭，難道都沒發現說我們早別人點餐缺還沒餐點嗎？內部自己出餐有錯甚至連ㄧ句抱歉都沒有⋯
 Mamie ,https://www.google.com/maps/contrib/103871403601976273190/reviews?hl=zh-TW,5,True,120,平價好吃的義大利麵，雖然空氣味道有點重吃完衣服會有味道，但東西好吃又便宜值得推薦
 Jessica ,https://www.google.com/maps/contrib/111996685630903600632/reviews?hl=zh-TW,5,True,61,"不收服務費不過服務很不錯。
食物很好吃，點了燉飯奶香很濃雞肉也很多，份量不會太少，而且價格也不貴。"
 展。大爺 ,https://www.google.com/maps/contrib/104644740834195089727/reviews?hl=zh-TW,4,True,345,"服務不錯地點不錯空間不錯價錢不錯
就是口味平平，很平，但這價格氛圍很可以了。"
 may kuo (小鎂人兒) ,https://www.google.com/maps/contrib/108741689200336341298/reviews?hl=zh-TW,5,True,67,平價又美味的義大利麵，上餐速度也快，蠻符合東區上班族快節奏的步調😊😊
 呂文文 ,https://www.google.com/maps/contrib/117940211062462674677/reviews?hl=zh-TW,3,True,48,"價格親民，服務算不錯，不過餐有點過鹹。
不過老闆說：如果太鹹可以請他從新調味，所以服務品質算是不錯的。"
 王允洲 ,https://www.google.com/maps/contrib/108812675055845569511/reviews?hl=zh-TW,5,False,3,黃姓女店員服務品質好，人親切，店內用餐環境良好，餐點也超棒，cp值高，絕對會回訪以及介紹朋友
 Yixuan ,https://www.google.com/maps/contrib/111127114029368607249/reviews?hl=zh-TW,3,True,43,"平價的義大利麵，味道尚可偏淡，店內座位大
店員蠻愛開玩笑的🤣"
 Mojibake M ,https://www.google.com/maps/contrib/102567304859479533282/reviews?hl=zh-TW,5,True,603,"份量不多，但以性價比來說已經很好了👍
想吃濃濃起司但又小鳥胃的適合來這邊～"
 YW H ,https://www.google.com/maps/contrib/102796214670510631128/reviews?hl=zh-TW,5,True,93,平價，去用餐的時間是非常忙碌的時間，但是店員的服務真的很好很熱情，餐點也很不錯
 Chen Yung-Ti ,https://www.google.com/maps/contrib/110077732894703027928/reviews?hl=zh-TW,4,True,"1,094",口味不錯用料感覺天然
 Stella Huang ,https://www.google.com/maps/contrib/100165158368132309559/reviews?hl=zh-TW,5,False,3,味道很棒服務態度也很好～～整體cp值很高佛卡夏好好吃(σ≧∀≦)σ
 王靜儀 ,https://www.google.com/maps/contrib/118158642847488867433/reviews?hl=zh-TW,5,False,1,"Cp值超高東西好吃又便宜👍
服務人員親切環境乾淨舒適
而且有時還會遇到風城小子呂輝展親自下面給你吃😍😍😍"
 張先生 ,https://www.google.com/maps/contrib/102579079888854065628/reviews?hl=zh-TW,5,True,33,平價義大利麵來說味道很好，尤其是餐包好吃
 曼谷地產先生 ,https://www.google.com/maps/contrib/104378357726126439987/reviews?hl=zh-TW,2,False,1,近來兩次，都被再叫回去門口量體溫，食物好吃但接待狀況有待改善，可以安排一個人在門口
 Alice Huang ,https://www.google.com/maps/contrib/108635214520138636927/reviews?hl=zh-TW,4,True,65,餐包好吃、麵類不錯、CP值高！
 Simmy Silver ,https://www.google.com/maps/contrib/111693795716097706210/reviews?hl=zh-TW,4,False,267,"乾淨舒適平價，也不錯吃。
飲料太甜，服務生只顧自己聊天，是小小美中不足的地方。"
 se fu lee ,https://www.google.com/maps/contrib/105718467612615448117/reviews?hl=zh-TW,4,True,956,都不錯，價值有，桌椅比較死板是唯一缺點厠所還不錯，，下午人不會太多可以坐久些，。4顆星滿滿
 brian11225 ,https://www.google.com/maps/contrib/110216758536609310825/reviews?hl=zh-TW,5,False,5,"外場介紹清楚.廚房師傅也很親切
餐點不貴又不收服務費
CP值蠻高的!"
 YOz Chen ,https://www.google.com/maps/contrib/102924939651872804521/reviews?hl=zh-TW,5,True,103,還可以，像學生時代吃粗飽的
 Derek ,https://www.google.com/maps/contrib/107151880938683629477/reviews?hl=zh-TW,5,True,236,便宜口味實在爆漿餐包滿好吃的
 kaku kuo ,https://www.google.com/maps/contrib/104949188676937024907/reviews?hl=zh-TW,5,False,2,今天和朋友到貴餐廳用餐，雖然等餐有一點慢，但看到妹妹那麼可愛，雖然她國語說的不太流利，但她服務很親切，所以用餐還覺得蠻愉快的。
 Kristy Liu ,https://www.google.com/maps/contrib/107488722050872501398/reviews?hl=zh-TW,5,True,45,用餐環境舒適，上餐快。餐包有大蒜和奶油爆漿兩種都很好吃，檸檬紅茶夠味，整體cp值高
 Kingsley Yun ,https://www.google.com/maps/contrib/118259938372817915671/reviews?hl=zh-TW,5,True,44,服務很好平價好吃👍
 伊品: ,https://www.google.com/maps/contrib/100793703786065278220/reviews?hl=zh-TW,2,False,10,"義大利麵有毛，捲的那種
桌上有兩隻果蠅"
 Lawliet's NevErland ,https://www.google.com/maps/contrib/117556922809042063014/reviews?hl=zh-TW,1,True,3,店裡衛生環境也太差，食客座位旁放貓飼料跟貓砂，貓砂還有大量糞便，還被我看見一名全身很多刺青的店員，把掉在地上餐具撿起，放回去跟其他乾淨的餐具一起，不會再來
 CW C ,https://www.google.com/maps/contrib/112096167033505662144/reviews?hl=zh-TW,4,False,9,"CP值高。餐點普通，但價格便宜,份量多。店內環境乾淨，上餐速度也快。"
 謝青郁 ,https://www.google.com/maps/contrib/113564302404669697554/reviews?hl=zh-TW,5,False,10,店員很親切很可愛，平價好吃，很推薦路過東區的朋友可以來嚐鮮，裡面還有超酷的1:1鋼鐵人哦👍👍👍
 Calvin Liu ,https://www.google.com/maps/contrib/115874172061401687729/reviews?hl=zh-TW,5,False,5,服務人員儘管忙碌依舊有禮貌且有耐心介紹餐點
 Chiu Jeremy ,https://www.google.com/maps/contrib/107366991295275509206/reviews?hl=zh-TW,5,False,8,餐點好吃又便宜，在東區來說是CP極高的店
 LEO lee ,https://www.google.com/maps/contrib/102375137757566801839/reviews?hl=zh-TW,5,True,1,"明顯的Ironman很好的用餐環境。
義大利麵好吃,焗烤飯很滿足。
值得推廌的餐廳"
 黃昱淇 ,https://www.google.com/maps/contrib/113078745889482080194/reviews?hl=zh-TW,5,False,11,"非常的好吃，出餐速度很快服務很好。
下次還有機會我會來這間"
 汪涵 ,https://www.google.com/maps/contrib/115433771687345021312/reviews?hl=zh-TW,5,True,4,在台北可以吃到平價又好吃的店真的不多，非常推薦從國父紀念館走過來吃。
 May Huang ,https://www.google.com/maps/contrib/112970267177411388792/reviews?hl=zh-TW,5,False,3,"便宜又好吃！出餐速度也快❤️❤️
員工店長都很親切🥰"
 Joss Wu ,https://www.google.com/maps/contrib/117910013717076406781/reviews?hl=zh-TW,5,True,36,滿滿的配料，口味不差，重點是價位在東區是不可思議的親民。
 Jane Lo ,https://www.google.com/maps/contrib/116669465779147938100/reviews?hl=zh-TW,1,False,15,餐點是很台式的味道，隔壁用餐的很吵，店員沒有服務熱忱，可能是快下班了。
 chun Zhenhui ,https://www.google.com/maps/contrib/117919812222789498301/reviews?hl=zh-TW,5,False,2,還不錯的意大利麵店，，環境和服務人員都無可挑别！一定會再光臨的。。。
 李怡穎 ,https://www.google.com/maps/contrib/109120764066636189006/reviews?hl=zh-TW,5,False,7,餐點超好吃，主廚很帥，店裡面也有帥帥鋼鐵人坐鎮唷
 KG ,https://www.google.com/maps/contrib/108788594353610815752/reviews?hl=zh-TW,5,False,15,上餐很快東西好吃店員也很親切這個價格十分實惠！推薦來吃
 熊熊 ,https://www.google.com/maps/contrib/104399060806222851308/reviews?hl=zh-TW,5,False,1,食材新鮮美味👍店員很親切服務人員也很周到〜適合跟口味不同的朋友來吃👉讚讚
 米歐屋貓闆娘 ,https://www.google.com/maps/contrib/101314360596474724433/reviews?hl=zh-TW,4,True,8,餐點口味不會死鹹，份量夠~人員服務很親切
 Dale Huang ,https://www.google.com/maps/contrib/107665515691618922634/reviews?hl=zh-TW,2,True,37,以主打義大利麵的店家來說，除了便宜，沒任何優勢，不是很好吃
 郭家銘 ,https://www.google.com/maps/contrib/100027354873500722195/reviews?hl=zh-TW,4,True,104,燈光好，氣氛佳。雖然性價比稍微差了一些，但是餐點算是美味的😋😋
 THOMAS WANG ,https://www.google.com/maps/contrib/100897808433825355374/reviews?hl=zh-TW,5,True,755,平價一群退役的撞球國手開創第二個事業
 Peter Lu ,https://www.google.com/maps/contrib/117406832591483652513/reviews?hl=zh-TW,4,True,143,"店內的鋼鐵人很吸睛
平價好吃的義大利麵CP值高"
 張耀中 ,https://www.google.com/maps/contrib/107963764406214063446/reviews?hl=zh-TW,4,True,586,價位平實，口味好吃，環境乾淨，服務親切快速，以這個價位而言，已經沒什麼好挑剔的了！
 Alastorlion ,https://www.google.com/maps/contrib/109402614333745097832/reviews?hl=zh-TW,3,True,988,老闆還蠻風趣俏皮的，價位不會貴環境也算乾淨，也可以攜帶寵物(不影響其他客人為主)
 EVA ,https://www.google.com/maps/contrib/100844476740971024645/reviews?hl=zh-TW,5,True,95,沒味口時來這裡就對了，絕對讓人食慾大開!
 瑋瑋 ,https://www.google.com/maps/contrib/104692165775116929252/reviews?hl=zh-TW,4,True,43,以價格來說真的很值得回訪～但是吃完會有一點點膩😂
 Hsiu-Mann Liao ,https://www.google.com/maps/contrib/100009247537233521689/reviews?hl=zh-TW,5,False,27,美味Cp值高~還很幸運的遇到乖乖可愛店貓！
 Teng-I Wang ,https://www.google.com/maps/contrib/114201285209847578589/reviews?hl=zh-TW,5,True,298,以東區來說，價格很便宜，餐點又好吃。現在用Gomajipay有送檸檬紅茶哦！
 Matt Lin ,https://www.google.com/maps/contrib/115669069251626136115/reviews?hl=zh-TW,5,True,33,焗烤給的起司量很多，用料豐富
 譚傳永 ,https://www.google.com/maps/contrib/110837586222530533821/reviews?hl=zh-TW,5,True,467,麵和飯的選擇很多，搭配套餐比較實惠，有電視但開靜音，不會吵到人。
 Ting Jian ,https://www.google.com/maps/contrib/117308165773041523649/reviews?hl=zh-TW,5,True,49,"餐點好吃
特別愛他們的餐包讚"
 Marcus Ma ,https://www.google.com/maps/contrib/107144658864495293725/reviews?hl=zh-TW,4,True,52,不錯的pasta店，價格實惠，最驚喜的是爆漿麵包，奶油味超好吃
 Garfield Lee ,https://www.google.com/maps/contrib/113068332653289715872/reviews?hl=zh-TW,4,True,26,要享受價廉物美的義式麵食、焗烤，一定要來吃吃看哦，但因為座位有限，手腳一定要快。
 廖彥淳 ,https://www.google.com/maps/contrib/104160090324661602875/reviews?hl=zh-TW,4,True,25,"爆漿餐包很好吃但餐點比較沒那麼出色
整體來說cp值不錯"
 slow man ,https://www.google.com/maps/contrib/101049471069099680258/reviews?hl=zh-TW,3,True,137,跟麵食主義好像，但是蒜味蛤蜊義大利湯麵口味太鹹，環境倒是比麵食主義好。
 kevin lin ,https://www.google.com/maps/contrib/117039970401229013005/reviews?hl=zh-TW,4,True,461,CP很高的義式餐廳，墨魚燉飯很推薦，位於忠孝東路延吉街附近
 陳宥霖 ,https://www.google.com/maps/contrib/104623342418097660672/reviews?hl=zh-TW,1,False,2,送餐等很久，朋友都吃完才到，而且味道不對，像趕出來的
 莊斐杰 ,https://www.google.com/maps/contrib/108176885331507400226/reviews?hl=zh-TW,5,True,100,味道好價格適中在東區區段中很划算
 Vicky Wang ,https://www.google.com/maps/contrib/117719420920537346623/reviews?hl=zh-TW,3,True,120,國父紀念館站平價美食😋
 Joanna Chou ,https://www.google.com/maps/contrib/100909243424401437372/reviews?hl=zh-TW,5,True,43,以這個價位來說很好吃，附餐麵包一定要加點，好吃！
 Seraberry ,https://www.google.com/maps/contrib/118369645734381136742/reviews?hl=zh-TW,2,True,67,"你的青醬奶油怎麼越來越難吃
Whathappened??!"
 古辛 ,https://www.google.com/maps/contrib/107226401998105566408/reviews?hl=zh-TW,5,False,3,菜品好吃cp值高而且外場工作人員服務態度好
 莊善軍 ,https://www.google.com/maps/contrib/111115195083950412296/reviews?hl=zh-TW,5,True,37,用餐環境清爽，主餐價格實惠。CP值高
 呂鈴鈴 ,https://www.google.com/maps/contrib/113934780933909246733/reviews?hl=zh-TW,5,False,1,用餐環境好，服務人員親切態度佳，CP值高，很值得推鍳
 JJ Lee ,https://www.google.com/maps/contrib/111201736188390792804/reviews?hl=zh-TW,4,True,7,出餐速度快，個人覺得當天墨魚燉飯稍微鹹了一點。
 楊珂溦 ,https://www.google.com/maps/contrib/100066804849542268324/reviews?hl=zh-TW,5,True,53,價格親民食材也很鮮美意大利麵很好吃服務生也很親切熱情
 Oscar ,https://www.google.com/maps/contrib/103104865540048775217/reviews?hl=zh-TW,2,False,49,"口味普通，略貴
吃過北科的分店，身為北科人，根本不是北科大最歡迎的店"
 Shine Lin ,https://www.google.com/maps/contrib/113690054396234251580/reviews?hl=zh-TW,5,False,21,好吃又便宜，裝潢好看，CP值破表
 陳世軒 ,https://www.google.com/maps/contrib/116538649085931123796/reviews?hl=zh-TW,5,False,4,Cp值超高東西好吃又便宜～～服務人員親切優質店家不推不行😁😁😁
 Wally Shiue ,https://www.google.com/maps/contrib/100398211449288990014/reviews?hl=zh-TW,3,True,198,整體來講味道偏淡了些，但價錢不貴
 HUANG靜怡 ,https://www.google.com/maps/contrib/102935498800694167858/reviews?hl=zh-TW,4,True,19,麵好吃但量太少，吃不太飽
 小龍珠 ,https://www.google.com/maps/contrib/111001165565857653473/reviews?hl=zh-TW,5,False,12,好吃～平價～交通方便～乾淨～店員人很好～是以前職撞明星
 張承毅 ,https://www.google.com/maps/contrib/105153146802113947408/reviews?hl=zh-TW,5,True,16,很體貼，外送員拿餐，還會送飲料給外送員，感恩喔！
 Tayu Hsueh ,https://www.google.com/maps/contrib/117885235371882427108/reviews?hl=zh-TW,4,True,44,台式義大利麵口味優，裝潢優有隻1:1鋼鐵人，服務優，價格優。
 Mark Chiang ,https://www.google.com/maps/contrib/101332420027823233159/reviews?hl=zh-TW,4,True,413,用簡單的食材簡單的料理方式調味出食材天然的美味低價位不花俏高CP值的意大利菜
 Paula Lin ,https://www.google.com/maps/contrib/111205507193522800112/reviews?hl=zh-TW,5,True,51,便宜又不錯吃，CP值滿高的。雞塊也很好吃
 Miles Wang ,https://www.google.com/maps/contrib/100273511881901468491/reviews?hl=zh-TW,3,True,119,百來元的海鮮義麵，能吃到鮮蝦、花枝、甚至淡菜，其他問題也就不大了。
 Josh Wang ,https://www.google.com/maps/contrib/109877927861141278160/reviews?hl=zh-TW,5,False,6,台北市最好吃的評價義大利麵每週都要光顧店長又帥
 Chaoyen Wu (Chaoyen) ,https://www.google.com/maps/contrib/112824326033215514126/reviews?hl=zh-TW,5,True,333,東區平價聚餐首選，臨時跟朋友約，想簡單吃，就來這裡吧
 嚴小嚴 ,https://www.google.com/maps/contrib/107758991334234387294/reviews?hl=zh-TW,5,True,292,200可以享用到義大利麵套餐，經濟實惠，口味佳
 bear little ,https://www.google.com/maps/contrib/110531151361411655145/reviews?hl=zh-TW,5,False,5,餐點好吃搭配套餐可以吃很飽CP值不錯
 串串 ,https://www.google.com/maps/contrib/107760378241946160775/reviews?hl=zh-TW,5,False,18,"服務好，結帳時還會詢問客人意見，感受良好
鋼鐵人很帥：）"
 娜娜媽 ,https://www.google.com/maps/contrib/116716200610288906235/reviews?hl=zh-TW,4,True,69,"餐包很好吃女兒很愛,麵份量少了，焗烤味不錯"
 Wix Litariz ,https://www.google.com/maps/contrib/115100128394103596461/reviews?hl=zh-TW,5,True,50,"好吃的義大利麵都是5星
義大利麵才是地球上最強的麵食"
 莊雅玲 ,https://www.google.com/maps/contrib/109250345731160128801/reviews?hl=zh-TW,5,False,13,"非常好吃的店，店員服務態度也超好~
值得下次再來~"
 Leo Lee ,https://www.google.com/maps/contrib/114155203084111350679/reviews?hl=zh-TW,5,True,60,東西好吃，內容物超值
 Annika Jeng ,https://www.google.com/maps/contrib/105635539187027441119/reviews?hl=zh-TW,5,True,179,美味的檸檬紅茶+餐包，義大利麵各種口味都好吃！
 ChiaoWei Huang ,https://www.google.com/maps/contrib/108339544420977620708/reviews?hl=zh-TW,4,True,93,店小小的，佈置很有氣氛，餐點品質以平價美食來說合理。
 Sting Chen (菲利絲) ,https://www.google.com/maps/contrib/100568022582203651615/reviews?hl=zh-TW,3,True,337,味道普通不過蠻平價所以中午來用餐的上班族很多
 Charlas Kuo ,https://www.google.com/maps/contrib/108941524885562580562/reviews?hl=zh-TW,5,True,106,平價好吃，很有學生餐廳的感覺，但是味道更好
 J H ,https://www.google.com/maps/contrib/113435775809861023535/reviews?hl=zh-TW,5,False,8,服務好，態度好，餐點好，cp高，百年難得吃到的美食
 芳小如 ,https://www.google.com/maps/contrib/115818768921156537075/reviews?hl=zh-TW,5,False,7,cp質非常高的一間店，食物又好吃^^大推~
 簡綺真 ,https://www.google.com/maps/contrib/105620259673657053876/reviews?hl=zh-TW,3,True,206,麵多料不夠均衡，濃湯好喝算小資
 張蕙怡 ,https://www.google.com/maps/contrib/100045470905688179921/reviews?hl=zh-TW,4,False,8,平價又美味的義大利麵，會再來吃
 金迪歐 ,https://www.google.com/maps/contrib/117789166336148204644/reviews?hl=zh-TW,4,True,637,Cp值高，店員都是年輕人，但是態度都非常有禮貌
 Lun Li ,https://www.google.com/maps/contrib/112907842300047914107/reviews?hl=zh-TW,5,True,118,按錯了，不好意思，你們很棒，五顆星喔
 陳裕華 ,https://www.google.com/maps/contrib/117557012716118117187/reviews?hl=zh-TW,5,True,128,燈光美氣氛佳環境乾淨餐飲好吃CP值很高
 zuzn iv ,https://www.google.com/maps/contrib/106377852939046736671/reviews?hl=zh-TW,4,True,276,"跟朋友聚餐滿平價的
只是服務生感覺不是很積極"
 寧鑫陳 ,https://www.google.com/maps/contrib/110782223203659070914/reviews?hl=zh-TW,5,False,7,"阿克服務真的超級棒
東西也很好吃
下次來還要找他聊👍👍👍"
 Trip Shop ,https://www.google.com/maps/contrib/110015429291067165453/reviews?hl=zh-TW,5,True,222,熱鬧地點，便宜好吃，只收現金，有素食選擇，環境舒適，接受訂位。
 陳姿伶 ,https://www.google.com/maps/contrib/107510507485413232866/reviews?hl=zh-TW,5,True,73,飲料檸檬紅茶真的是新鮮檸檬，醬料都是真真實實的食材下去料理
 吳鳴 ,https://www.google.com/maps/contrib/103028438834427479408/reviews?hl=zh-TW,4,True,95,東西還不錯吃，以東區來說價格也算便宜
 ZA CK ,https://www.google.com/maps/contrib/114720386185712739356/reviews?hl=zh-TW,5,False,12,好吃，CP值高!!!服務很主動，爽啦～
 Annie Chao ,https://www.google.com/maps/contrib/112474978035466124653/reviews?hl=zh-TW,5,True,74,價格友善，義大利麵好吃👍🏻
 賴建宇 ,https://www.google.com/maps/contrib/116499514257828792793/reviews?hl=zh-TW,3,False,2,濃湯麵粉太多口感不佳，其他還好。
 peter yen ,https://www.google.com/maps/contrib/110250482968520162305/reviews?hl=zh-TW,4,True,98,"親子友善，
服務手脚俐落，
食物口味及用料及格，
符合其平實價位。"
 Chingyang Huang ,https://www.google.com/maps/contrib/102299777242837665293/reviews?hl=zh-TW,4,True,278,經濟實惠，味道也不錯。吃過幾次，都沒有採到雷。
 李玉蘭 ,https://www.google.com/maps/contrib/106385163058812863964/reviews?hl=zh-TW,3,True,34,東西便宜味道還不錯很適合小資族用餐
 Momo Lu ,https://www.google.com/maps/contrib/105737774336243680418/reviews?hl=zh-TW,5,False,3,平價時尚的用餐選擇👍🏻👍🏻👍🏻
 小二 ,https://www.google.com/maps/contrib/112628164382161798624/reviews?hl=zh-TW,5,False,9,餐點好吃店貓拿鐵超級可愛❤️
 Alice Huang ,https://www.google.com/maps/contrib/112113715222670404243/reviews?hl=zh-TW,5,True,39,好吃，價錢評價，服務員態度很好讚👍
 楊凱捷 ,https://www.google.com/maps/contrib/113866381673241440844/reviews?hl=zh-TW,2,True,41,餐點普通，價格cp值不高
 Eddy Su ,https://www.google.com/maps/contrib/111142694090400532909/reviews?hl=zh-TW,5,True,30,餐點水準高於價位，很好吃
 蔡博宇 ,https://www.google.com/maps/contrib/113720792009799375802/reviews?hl=zh-TW,4,True,42,價格合理，但奶油時蔬麵有點像台式炒麵。
 S-Ann Yang ,https://www.google.com/maps/contrib/102024064642150378311/reviews?hl=zh-TW,3,True,"1,008",連鎖平價義大利麵普通好吃檸檬紅茶好喝
 Marry Marry ,https://www.google.com/maps/contrib/104422225508165339448/reviews?hl=zh-TW,5,False,1,"奶油起司蛤蜊很好吃
服務生很體貼
鋼鐵人很帥"
 李明峰 ,https://www.google.com/maps/contrib/113642163260736145286/reviews?hl=zh-TW,5,True,24,口味不錯，價格實在，但可以別放一直放東森與韓天新聞嗎？
 Hannah Huang ,https://www.google.com/maps/contrib/112336047632453341160/reviews?hl=zh-TW,5,True,16,餐包超級好吃，飯類個人比較不喜歡。
 劉恩宇 ,https://www.google.com/maps/contrib/107985091629555302030/reviews?hl=zh-TW,5,True,6,便宜大碗能吃飽
 卉 ,https://www.google.com/maps/contrib/107212651218296795565/reviews?hl=zh-TW,5,False,7,東西好吃，份量剛好，價格也很親民💖💖
 多芬 ,https://www.google.com/maps/contrib/114006403318442124637/reviews?hl=zh-TW,5,False,1,推推推⭐️⭐️⭐️⭐️⭐️平價美食，環境乾淨舒服，很適合約會聚餐的好地方
 鍾奇龍 ,https://www.google.com/maps/contrib/102213010939895751661/reviews?hl=zh-TW,3,True,230,平凡的價格，家常的口味，隱身在東區巷弄間的學生版店家
 Shan-Fong Yang ,https://www.google.com/maps/contrib/101505665264677828745/reviews?hl=zh-TW,5,True,58,CP值極高，餐點不錯，服務人員動作迅速
 牙籤 ,https://www.google.com/maps/contrib/108722216202745178197/reviews?hl=zh-TW,3,True,289,雞肉燉飯不錯吃，也不貴，但是服務態度蠻差的
 Richard Lee ,https://www.google.com/maps/contrib/112566786224286562431/reviews?hl=zh-TW,5,True,137,東西好吃又便宜！
 Steven Lin ,https://www.google.com/maps/contrib/105941158353590061240/reviews?hl=zh-TW,2,True,959,除了裝潢設計有特色以外，料理很普通!
 Vincent Chang ,https://www.google.com/maps/contrib/109251919654781981053/reviews?hl=zh-TW,5,True,107,在東區算是便宜，而且店裡有許多有特色的Marvel裝飾
 郭芸含 ,https://www.google.com/maps/contrib/101414778368825007995/reviews?hl=zh-TW,4,True,39,平價CP值高好選擇
 王仙 ,https://www.google.com/maps/contrib/117024896442157492964/reviews?hl=zh-TW,4,True,48,平價且出餐速度快，份量不算少
 余如婕 ,https://www.google.com/maps/contrib/114733169295928791372/reviews?hl=zh-TW,2,False,47,白醬的麵無趣，吃到有點不舒服想吐，蒜味過濃
 Chiang Eddie ,https://www.google.com/maps/contrib/112091825415534558823/reviews?hl=zh-TW,5,True,7,義大利麵便宜又好吃
 李佳紋 ,https://www.google.com/maps/contrib/116813952976406177975/reviews?hl=zh-TW,1,False,10,墨魚燉飯太難吃了飯是飯汁是汁完全不相干的兩個世界！
 王士偉 ,https://www.google.com/maps/contrib/116600283179525061869/reviews?hl=zh-TW,3,True,156,價位平實味道好，份量嫌少些！
 彭怡翔 ,https://www.google.com/maps/contrib/111406643614870686889/reviews?hl=zh-TW,5,True,415,國父紀念館最佛心餐廳，超便宜，無服務費
 Ivy Chen ,https://www.google.com/maps/contrib/106622596721035444805/reviews?hl=zh-TW,4,True,39,以價位來說，CP值是高的，適合朋友聚會。
 劉girl6771052 ,https://www.google.com/maps/contrib/115477928842950581408/reviews?hl=zh-TW,5,False,7,"店長長得帥，東西又好吃😋
女店員都是網美"
 梅小姐 ,https://www.google.com/maps/contrib/113798281082126272748/reviews?hl=zh-TW,3,False,36,義大利麵味道不錯，上菜速度很快
 謝定希 ,https://www.google.com/maps/contrib/110300311775919924241/reviews?hl=zh-TW,4,False,16,價格合理但味道不算突出
 鄭力瑋 ,https://www.google.com/maps/contrib/111615992329666734627/reviews?hl=zh-TW,5,False,5,服務好義大利麵味道很棒有推
 Howard Chiu ,https://www.google.com/maps/contrib/106291949186975360606/reviews?hl=zh-TW,4,True,33,"Cp值不錯
價錢合理味道也不錯
環境也很好
值得再訪"
 Metalrule Ho ,https://www.google.com/maps/contrib/102231810807401340525/reviews?hl=zh-TW,4,True,238,價格合理，餐點有驚奇，值得來訪
 Andy Huang ,https://www.google.com/maps/contrib/101186527061757585757/reviews?hl=zh-TW,5,True,666,東西好吃，服務很好，價格合理
 章耘睿 ,https://www.google.com/maps/contrib/101534831440081858292/reviews?hl=zh-TW,5,False,2,餐點超好吃聚餐環境佳家庭聚餐約會的好場所
 鄭嘉蔚 ,https://www.google.com/maps/contrib/109035936581297347215/reviews?hl=zh-TW,4,True,111,還不錯的義大利麵只是車位少
 鮪魚 ,https://www.google.com/maps/contrib/104270852893100513498/reviews?hl=zh-TW,5,True,47,價格便宜，裝潢有氣氛，還有一個很大的鋼鐵人
 Aqua Hsu ,https://www.google.com/maps/contrib/116049563215411864439/reviews?hl=zh-TW,1,True,37,點的義大利麵裡頭看到像是昆蟲觸鬚的東西
 Terry Yang (Terry Yang) ,https://www.google.com/maps/contrib/115423927271865998546/reviews?hl=zh-TW,5,True,17,非常好吃又很平價店內擺設也不錯
 alisa Bing ,https://www.google.com/maps/contrib/107542811395063638124/reviews?hl=zh-TW,4,True,179,快!東西平價，只是服務生都用工讀生，有時會出包
 Howard Yu ,https://www.google.com/maps/contrib/117758036906795793192/reviews?hl=zh-TW,5,True,67,氣氛佳，麵包很脆&玉米湯好吃
 范婌美 ,https://www.google.com/maps/contrib/110718945984963673538/reviews?hl=zh-TW,4,True,19,味道好，環境乾淨，服務尚可
 Limone ,https://www.google.com/maps/contrib/109045385350143481559/reviews?hl=zh-TW,3,True,275,百元義大利麵，出餐速度還OK。
 Brian Huang ,https://www.google.com/maps/contrib/110676929171106251163/reviews?hl=zh-TW,5,True,19,服務態度很好，食物很好吃
 黃韋廷 ,https://www.google.com/maps/contrib/114085327139379581215/reviews?hl=zh-TW,5,False,3,味道好，價錢很親民，CP質很高
 施政豪 ,https://www.google.com/maps/contrib/115407630402304125054/reviews?hl=zh-TW,5,True,35,好吃，單價不貴，CP值算高
 吳敵 ,https://www.google.com/maps/contrib/105981815996074045617/reviews?hl=zh-TW,4,False,5,口味很大眾還不錯下次會再來!!!
 Mw Tsai ,https://www.google.com/maps/contrib/112481350322590248308/reviews?hl=zh-TW,1,False,10,除了港鐵人裝潢可以，味道不怎麼樣。
 Kevin Tang ,https://www.google.com/maps/contrib/113217483602289345601/reviews?hl=zh-TW,5,True,47,美味cp值高！奶油起司蛤蜊讚讚讚！
 甘孟喬 ,https://www.google.com/maps/contrib/116765373250933686309/reviews?hl=zh-TW,4,True,244,意大利麵還可以
 Shingway Yeh ,https://www.google.com/maps/contrib/105618265960188237389/reviews?hl=zh-TW,4,True,346,職撞好手經營的連鎖店，一樣有板有眼，CP值很高。
 Yawen ,https://www.google.com/maps/contrib/100650431789319006289/reviews?hl=zh-TW,4,True,15,餐點好吃，CP值高
 劉宇宸 ,https://www.google.com/maps/contrib/110793861840352613611/reviews?hl=zh-TW,4,False,5,份量有點少
 Cecilia Chiang ,https://www.google.com/maps/contrib/102775165188358427492/reviews?hl=zh-TW,4,True,76,平價又好吃!服務人員很親切～
 楊淨 ,https://www.google.com/maps/contrib/107431346282861651044/reviews?hl=zh-TW,3,True,28,餐點品質變化大，時好時壞
 劉依恩 ,https://www.google.com/maps/contrib/102878826917489643752/reviews?hl=zh-TW,5,True,161,燉飯好吃又便宜，CP值真的很高
 jessie chao ,https://www.google.com/maps/contrib/106699031921088113046/reviews?hl=zh-TW,5,True,106,東西好吃又便宜，是值得推薦的
 Jiahong Tang ,https://www.google.com/maps/contrib/117489851872262277518/reviews?hl=zh-TW,5,False,4,高CP值，用餐環境舒服！👍
 C.C. Chang ,https://www.google.com/maps/contrib/106056602691735852419/reviews?hl=zh-TW,4,True,73,麵份量很足!cp值很高
 小莊哥 ,https://www.google.com/maps/contrib/111465852885118471211/reviews?hl=zh-TW,5,False,4,義大利麵好吃，還有鋼鐵人😄😄
 leonie hi ,https://www.google.com/maps/contrib/115602341917699248809/reviews?hl=zh-TW,3,True,160,門不會自己關做門邊一直吹風感覺不好
 張晉維 ,https://www.google.com/maps/contrib/110509075745139354918/reviews?hl=zh-TW,5,True,23,在這地點這個價格跟美味程度很可以
 Chih ling ,https://www.google.com/maps/contrib/113141395691996829567/reviews?hl=zh-TW,5,True,72,好吃，價格適中，但量稍少
 Sam Tan (Sam) ,https://www.google.com/maps/contrib/107415375373803844863/reviews?hl=zh-TW,4,True,493,不錯吃
 方瑜浩 ,https://www.google.com/maps/contrib/113464809094027594658/reviews?hl=zh-TW,4,False,4,東西好吃服務也很好老闆很親切
 meng wu ,https://www.google.com/maps/contrib/113481874342072244327/reviews?hl=zh-TW,4,True,35,好吃~算是那一帶比較平價的
 Johnny Kao ,https://www.google.com/maps/contrib/104036105691997515657/reviews?hl=zh-TW,4,True,208,餐點美味餐廳環境舒適
 Lin Vincent ,https://www.google.com/maps/contrib/106026635371819312754/reviews?hl=zh-TW,4,True,46,好吃價格實惠高CP值:))))
 Joshua Wu ,https://www.google.com/maps/contrib/111300308699283153305/reviews?hl=zh-TW,4,True,23,口味一般份量越來越小
 冷瑋淇 ,https://www.google.com/maps/contrib/107091847930561035804/reviews?hl=zh-TW,5,False,2,非常棒的一家店口味好店長有看頭🤣
 蔡志絃 ,https://www.google.com/maps/contrib/110601543831648640601/reviews?hl=zh-TW,3,True,76,環境還不錯，出餐速度ok
 兔仔 ,https://www.google.com/maps/contrib/105987315578260634043/reviews?hl=zh-TW,5,False,3,東西好吃！服務人員又親切！
 Cindy Chang ,https://www.google.com/maps/contrib/106243031909444669320/reviews?hl=zh-TW,4,False,6,東西好吃，價格公道，服務親切
 Tang Weichih ,https://www.google.com/maps/contrib/106082978944033770419/reviews?hl=zh-TW,3,False,2,可能少了服務品質所以價格很便宜
 Chia Ju Tsai ,https://www.google.com/maps/contrib/104426075438437494240/reviews?hl=zh-TW,4,True,8,還蠻好吃的
 黃宇紘 ,https://www.google.com/maps/contrib/112292159303150726773/reviews?hl=zh-TW,5,True,23,檸檬紅茶好喝、手工餐包好吃😋
 IT TI ,https://www.google.com/maps/contrib/101564265283207301428/reviews?hl=zh-TW,4,True,555,還不錯，但燉飯太鹹
 Frances Chen ,https://www.google.com/maps/contrib/103732361967587377734/reviews?hl=zh-TW,4,True,45,義大利麵好吃又平價
 呂明煖 ,https://www.google.com/maps/contrib/108778734029101508426/reviews?hl=zh-TW,5,False,1,評價美食、用餐環境舒適。
 麥茶多多 ,https://www.google.com/maps/contrib/107950378722692898228/reviews?hl=zh-TW,4,True,58,CP值不錯，燉飯好吃！
 林宜蓁 ,https://www.google.com/maps/contrib/110640257553822528856/reviews?hl=zh-TW,5,True,30,咖哩海鮮燉飯非常好吃！
 tij高麗菜 ,https://www.google.com/maps/contrib/107949803330801758817/reviews?hl=zh-TW,4,True,163,青醬普通，但是平價好吃。
 滕姝樺 ,https://www.google.com/maps/contrib/112203008088165491713/reviews?hl=zh-TW,5,True,24,價格實惠，東西也不錯吃
 Austin Tseng ,https://www.google.com/maps/contrib/111182967754703872567/reviews?hl=zh-TW,4,True,219,"東區平價pasta,輕鬆吃飯的地方。"
 Xiao Min Yun ,https://www.google.com/maps/contrib/106221419873094857275/reviews?hl=zh-TW,5,True,40,場所乾淨，美味且平價。
 蕭待誠 ,https://www.google.com/maps/contrib/117355542048431920863/reviews?hl=zh-TW,4,True,64,平價料理，適合學生聚餐
 meiling Shih ,https://www.google.com/maps/contrib/102077985600375111797/reviews?hl=zh-TW,5,False,4,餐點美味，店家親切！
 CPY ,https://www.google.com/maps/contrib/105511037241259199456/reviews?hl=zh-TW,2,True,33,服務態度不是很好
 J J ,https://www.google.com/maps/contrib/104016362968276448582/reviews?hl=zh-TW,5,False,5,平價實在焗烤豆腐好吃
 陳孟品 ,https://www.google.com/maps/contrib/100977309800620236596/reviews?hl=zh-TW,5,True,117,好吃又平價，材料新鮮
 呂冠玟 ,https://www.google.com/maps/contrib/112331376252858706509/reviews?hl=zh-TW,5,False,4,服務非常好！東西好吃！
 Yishawn ,https://www.google.com/maps/contrib/107928655943349961229/reviews?hl=zh-TW,4,True,101,"便宜
咖哩雞肉的肉沒很好吃"
 張mina ,https://www.google.com/maps/contrib/109359747936895443802/reviews?hl=zh-TW,5,True,56,平價又好吃的義大利麵
 Jeff Fan ,https://www.google.com/maps/contrib/114588007567195918517/reviews?hl=zh-TW,4,False,19,餐點好吃，氣氛佳
 陳達毅 ,https://www.google.com/maps/contrib/103165247210632945424/reviews?hl=zh-TW,5,False,21,以這種價格來說超級棒的！
 Lu Debbie ,https://www.google.com/maps/contrib/117411030318196478648/reviews?hl=zh-TW,5,False,4,服務好、食物實惠好吃
 STARS ,https://www.google.com/maps/contrib/100724205634401865155/reviews?hl=zh-TW,4,True,721,平價，味道還可以。
 Luca ,https://www.google.com/maps/contrib/101366265919458535205/reviews?hl=zh-TW,4,True,17,上餐速度快，口味不錯
 楊宜泰 ,https://www.google.com/maps/contrib/114160051368238597755/reviews?hl=zh-TW,2,False,150,價格便宜，可惜美味程度不夠
 Bonnie Tsai ,https://www.google.com/maps/contrib/100111652539643925900/reviews?hl=zh-TW,4,True,27,普通吧！價格漂亮就是了XD
 Tiffany Wu ,https://www.google.com/maps/contrib/107083499125117142647/reviews?hl=zh-TW,5,False,13,超好吃服務又好大推！！！
 喵嗚 ,https://www.google.com/maps/contrib/103305779941125007893/reviews?hl=zh-TW,5,False,5,番茄蔬菜雞肉飯好吃👍🏻👍🏻
 嘟嘟嚕 ,https://www.google.com/maps/contrib/116842380524033475853/reviews?hl=zh-TW,4,True,97,"還不錯
就價錢高了點"
 Yue Lu ,https://www.google.com/maps/contrib/114174562701488172515/reviews?hl=zh-TW,1,False,1,麵的味道很普通
 李宛姿 ,https://www.google.com/maps/contrib/106558184507955797627/reviews?hl=zh-TW,5,False,1,味道不錯裝潢簡潔明亮
 waterhand water ,https://www.google.com/maps/contrib/102110651613105567344/reviews?hl=zh-TW,5,False,27,好吃服務好很乾淨
 小楊 ,https://www.google.com/maps/contrib/115621383678667804043/reviews?hl=zh-TW,5,False,5,好吃，價格不高
 gary liao ,https://www.google.com/maps/contrib/115036330337709222088/reviews?hl=zh-TW,5,True,110,還不錯，平價好吃
 11404 happy ,https://www.google.com/maps/contrib/118145967908456969162/reviews?hl=zh-TW,5,True,101,佛羅倫斯奶油海鮮義大利麵👍
 周芊妤 ,https://www.google.com/maps/contrib/117950209006662589997/reviews?hl=zh-TW,5,False,3,超好吃老闆又帥
 BARON EGG ,https://www.google.com/maps/contrib/109151894154273693250/reviews?hl=zh-TW,5,True,26,還不錯
 王維年 ,https://www.google.com/maps/contrib/113247453892937998761/reviews?hl=zh-TW,5,True,372,口味超棒，價位平民化。
 呂戀 ,https://www.google.com/maps/contrib/105179080572975712050/reviews?hl=zh-TW,1,False,3,服務態度超差
 李佳儒 ,https://www.google.com/maps/contrib/109032323442921919371/reviews?hl=zh-TW,4,True,240,食物普通但是超級便宜
 阿普 ,https://www.google.com/maps/contrib/115826208718392809759/reviews?hl=zh-TW,5,True,70,在家附近～蠻常來吃的
 翁嘉宏 ,https://www.google.com/maps/contrib/112366745944298447333/reviews?hl=zh-TW,5,True,8,不錯吃價格也實惠
 林煜智 ,https://www.google.com/maps/contrib/117184652009111484464/reviews?hl=zh-TW,5,False,1,東西好吃，服務不錯
 Mo Na ,https://www.google.com/maps/contrib/103946385743413216908/reviews?hl=zh-TW,5,False,4,價錢公道又好吃
 Vanessa Yung ,https://www.google.com/maps/contrib/110657934998425391391/reviews?hl=zh-TW,3,True,18,平價，CP值不錯
 Ray Lee ,https://www.google.com/maps/contrib/108859509266212484723/reviews?hl=zh-TW,4,True,289,燉飯好吃便宜，推
 柯珮珺 ,https://www.google.com/maps/contrib/103388857063306438989/reviews?hl=zh-TW,5,False,33,餐點滿好吃的
 Nina Lee ,https://www.google.com/maps/contrib/101398158113457572447/reviews?hl=zh-TW,5,True,35,平價口味，服務不錯
 AnnaJane HH ,https://www.google.com/maps/contrib/107350776985467671930/reviews?hl=zh-TW,5,True,98,我是常客，老闆服務好
 John Yao ,https://www.google.com/maps/contrib/104042037431648395458/reviews?hl=zh-TW,5,True,100,經濟實惠高貴不貴
 Jessica B.H Yui ,https://www.google.com/maps/contrib/106745868178921796513/reviews?hl=zh-TW,4,True,179,東西滿好池吃的
 Angela Pei Ying Lim ,https://www.google.com/maps/contrib/115640006059551187811/reviews?hl=zh-TW,4,True,295,平價
 Terry Chang ,https://www.google.com/maps/contrib/103341088037947935095/reviews?hl=zh-TW,4,True,60,簡單，環境ok
 kelly Lin ,https://www.google.com/maps/contrib/110357755978361876734/reviews?hl=zh-TW,5,True,44,餐點平價好吃
 阿威偉 ,https://www.google.com/maps/contrib/114847423336103739157/reviews?hl=zh-TW,5,True,85,有鋼鐵人
 Gary Chiang ,https://www.google.com/maps/contrib/104018014518489784068/reviews?hl=zh-TW,3,True,575,"味道普通
不貴"
 胡嘉惠 ,https://www.google.com/maps/contrib/104262308904928383434/reviews?hl=zh-TW,4,True,33,還可以平價！
 Jack Wang (王宗漢) ,https://www.google.com/maps/contrib/116263738917131728360/reviews?hl=zh-TW,4,True,663,平價口味不錯
 stanley Cheng ,https://www.google.com/maps/contrib/117541341332232154737/reviews?hl=zh-TW,3,True,78,平價義大利麵
 Jason Wang ,https://www.google.com/maps/contrib/103100691995635377720/reviews?hl=zh-TW,4,True,21,CP值很不錯
 Joseph Chang ,https://www.google.com/maps/contrib/104401296353652076834/reviews?hl=zh-TW,1,True,140,雷，東西很普通!
 Jimbo Dang ,https://www.google.com/maps/contrib/116840479976670226318/reviews?hl=zh-TW,2,True,"1,622",平價義大利麵
 Lin Peggy ,https://www.google.com/maps/contrib/117971836473501207462/reviews?hl=zh-TW,2,True,280,平價但味道普普
 陳Lisa ,https://www.google.com/maps/contrib/113731700827968474725/reviews?hl=zh-TW,4,True,98,價格實惠份量多
 Lan Jay ,https://www.google.com/maps/contrib/104956100255720726424/reviews?hl=zh-TW,5,False,30,食物美味店員親切
 M C ,https://www.google.com/maps/contrib/101608458542107592604/reviews?hl=zh-TW,3,True,192,平價不錯吃
 張倢舜 ,https://www.google.com/maps/contrib/116828568739959663965/reviews?hl=zh-TW,4,True,193,還滿好吃的
 KaiTing Huang ,https://www.google.com/maps/contrib/114891847472941852920/reviews?hl=zh-TW,1,True,76,餐點很水
 王麟才 ,https://www.google.com/maps/contrib/105698456298024961618/reviews?hl=zh-TW,4,True,44,性價比不錯！
 Kuo CW ,https://www.google.com/maps/contrib/101195607848919702198/reviews?hl=zh-TW,2,True,62,口味不夠濃郁
 蔡嘉鴻 ,https://www.google.com/maps/contrib/115827713276524408624/reviews?hl=zh-TW,5,False,2,好吃很滿意
 meng sh ,https://www.google.com/maps/contrib/114253719489367257614/reviews?hl=zh-TW,1,True,35,乾意大利麵超乾
 楊文豪 ,https://www.google.com/maps/contrib/115813494717575410152/reviews?hl=zh-TW,5,True,34,服務超級棒
 TS L ,https://www.google.com/maps/contrib/108936543788849547442/reviews?hl=zh-TW,5,True,26,評價好吃
 辛拉麵 ,https://www.google.com/maps/contrib/110191984202625559854/reviews?hl=zh-TW,4,True,430,平價好吃！
 董吉裕 ,https://www.google.com/maps/contrib/108251536507148384014/reviews?hl=zh-TW,3,True,227,麵條太硬....
 項宝宝 ,https://www.google.com/maps/contrib/107338078301922842747/reviews?hl=zh-TW,5,False,6,讚，大推
 Alien C ,https://www.google.com/maps/contrib/118105672252983406708/reviews?hl=zh-TW,4,True,845,平價好吃
 劉佳惠 ,https://www.google.com/maps/contrib/101878471610480058593/reviews?hl=zh-TW,5,True,229,不錯吃哦！
 陳文雅 ,https://www.google.com/maps/contrib/104525640238763876814/reviews?hl=zh-TW,5,False,4,服務態度好
 王之渙 ,https://www.google.com/maps/contrib/102138410470853744672/reviews?hl=zh-TW,4,True,371,還可便宜
 chihi yu ,https://www.google.com/maps/contrib/117348200366380867112/reviews?hl=zh-TW,3,True,233,親民
 李宛凭 ,https://www.google.com/maps/contrib/117785542126718971787/reviews?hl=zh-TW,5,True,92,平價好吃
 何柏諺 ,https://www.google.com/maps/contrib/118149849924183771418/reviews?hl=zh-TW,5,False,100,餐點好吃
 MG ,https://www.google.com/maps/contrib/107823028887228853440/reviews?hl=zh-TW,5,True,39,平價好吃
 歐陽立 ,https://www.google.com/maps/contrib/106081640481484918928/reviews?hl=zh-TW,1,True,268,餐點不佳
 essica j ,https://www.google.com/maps/contrib/118277941256932600517/reviews?hl=zh-TW,5,False,13,餐點美味
 Ray Wu ,https://www.google.com/maps/contrib/103093717119728026502/reviews?hl=zh-TW,5,True,184,還好
 PeiJu LAI ,https://www.google.com/maps/contrib/111717766483924704310/reviews?hl=zh-TW,5,False,17,還不錯
 Evelyn Tan ,https://www.google.com/maps/contrib/110039808407276578642/reviews?hl=zh-TW,3,True,81,不錯吃
 wang zapier ,https://www.google.com/maps/contrib/100391676266532036169/reviews?hl=zh-TW,4,False,138,不錯
 Ching-Yao Hu ,https://www.google.com/maps/contrib/106280277204724390980/reviews?hl=zh-TW,3,True,300,實惠。
 周麗德 ,https://www.google.com/maps/contrib/108994810985310763745/reviews?hl=zh-TW,5,True,442,價廉物美
 George Lai ,https://www.google.com/maps/contrib/109238672061801676299/reviews?hl=zh-TW,4,True,15,物美價廉
 Jenny Huang ,https://www.google.com/maps/contrib/114209871106961211359/reviews?hl=zh-TW,4,True,212,"(由Google提供翻譯)從國父紀念館地鐵站1號出口步行3分鐘。CP麵食餐廳很高。點了一份蔬菜焗烤面僅需NTD125，這頓飯本身看起來很簡單，但真的很美味。這個地方本身也很舒適。會回來嘗試其他菜單。

(原始評論)
3minuteswalkingdistancefromSunYatSenMemorialHallMRTstationexit1.VeryhighCPpastarestaurant.OrderforVegetablegratinnoodleonlyNTD125andthemealitselflooksimplebutreallytasty.Theplaceitselfalsocozy.Willcomebacktotryothermenu."
 Harry Wu ,https://www.google.com/maps/contrib/114884716856429650412/reviews?hl=zh-TW,5,False,9,"(由Google提供翻譯)你想要便宜又好吃的食物嗎？來吧，我是意大利面，一道菜只會讓你不到200新台幣，而且分量很足。如果您喜歡漫威和意大利面，那麼這裡就是您的最佳選擇。

(原始評論)
Youwantcheapfoodwithgoodtaste?ComeondowntoI'mPastawhereadishwouldonlycauseyouunder200NTDandtheportionisfilling.IfyoulikeMarvelandpasta,thisistheplaceforyou."
 Chloe Hsu ,https://www.google.com/maps/contrib/111562940525709029806/reviews?hl=zh-TW,4,True,84,"(由Google提供翻譯)以前吃的時候印像都很好，衛生平價好吃。
但我剛剛去外帶了一個義大利油醋沙拉。裡面有奇怪的毛線...剛開始發現少數想說應該是誤會。但越往下吃後越發現有一小坨毛線。
不知道該說什麼...希望你們能夠改善
--
店家處理速度快，服務態度好！會再光顧。

(原始評論)
以前吃的時候印象都很好，衛生平價好吃。
但我剛剛去外帶了一個義大利油醋沙拉。裡面有奇怪的毛線...剛開始發現少數想說應該是誤會。但越往下吃後越發現有一小坨毛線。
不知道該說什麼...希望你們能夠改善
--
店家處理速度快，服務態度好！會再光顧。"
 G Aquino ,https://www.google.com/maps/contrib/113815392849087130851/reviews?hl=zh-TW,4,True,"2,828","(由Google提供翻譯)種類繁多的麵食。食物供應很快，還可以。這部分是體面的，價格合理。外面有英文菜單，但是訂單單只有中文。

(原始評論)
Goodvarietyofpastadishes.Foodwasservedfastandwasokay.Theportionwasdecentandthepricereasonable.ThereisanEnglishmenuoutsidebuttheorderslipisonlyinChinese."
 Stephen Ting ,https://www.google.com/maps/contrib/106482133318655998987/reviews?hl=zh-TW,3,True,540,"(由Google提供翻譯)68/100相當水而不膩，可食用，但價格差不多，$125意大利面+$55（飲料，麵包，湯）=$180每套

(原始評論)
68/100prettywateryandnottasteful,eatablebutthat'sprettymuchit,pricesarealright$125pasta+$55(drink,bread,soup)=$180aset"
 廖二哥 ,https://www.google.com/maps/contrib/100048287187803709009/reviews?hl=zh-TW,4,True,842,出菜速度很快，份量及口味很OK
 joyeuxvoyage ,https://www.google.com/maps/contrib/110272238388712428401/reviews?hl=zh-TW,5,True,206,"(由Google提供翻譯)價格合理的美味意大利面！橄欖油攪拌辣椒麵食是我的最愛。

(原始評論)
Greattastepastawithsuperfairprice!Oliveoilstirredchilipastaismyfavorite."
 G Ribera ,https://www.google.com/maps/contrib/107957006945107542704/reviews?hl=zh-TW,5,True,16,"(由Google提供翻譯)價格好，味道好，服務員很細心

(原始評論)
Goodprice,goodtaste,attentivewaiters"
 Takahiro Sagara ,https://www.google.com/maps/contrib/101465069541214182834/reviews?hl=zh-TW,3,True,233,"(由Google提供翻譯)您可以在連鎖店看到南京松江。您可以以低廉的價格享用台灣麵食。它比較擁擠。

(原始評論)
チェーン店で松江南京とかでも見かけます。安価な値段で、台湾的なパスタが楽しめます。割と混んでます。"
 May Luong ,https://www.google.com/maps/contrib/105688792593988816991/reviews?hl=zh-TW,5,True,166,"(由Google提供翻譯)好吃又很合理的價格！

(原始評論)
Tastyandveryreasonableprice!"
 V Crawford ,https://www.google.com/maps/contrib/103128909396764575436/reviews?hl=zh-TW,1,False,83,"(由Google提供翻譯)我是麵食嗎？不你不是。“檸檬酥魚意大利面”缺乏清脆，沒有檸檬，並且有一種水潤的透明醬而不是適當的奶油或油-它唯一的味道是過量的黑胡椒，通常的虛假“西方的“觸摸。當我問廚師為什麼沒有檸檬時，他揮了揮舞著一罐綠色的人造香料，說他不會被檸檬打擾。“脆皮魚”是四張浸滿魚的郵票，主要是麵包屑。太可怕了，不要打擾！

(原始評論)
I'mPasta?No,you'renot.The""lemoncrispyfishspaghetti""wasdevoidofcrispness,devoidoflemon,andhadawateryclearsauceratherthanthecreamoroilthatwouldhavebeenappropriate--anditsonlyflavorwasanoverdoseofblackpepper,theusualfaux""Western""touch.WhenIaskedthechefwhytherewasnolemon,hewavedajarofgreen-tintedartificialflavoring,sayinghecouldn'tbebotheredtogetlemons.The""crispyfish""wasfoursoddenpostagestampsoffishthatwasmostlybreading.Horrible,don'tbother!"
 Arne Zass ,https://www.google.com/maps/contrib/100915901246728299521/reviews?hl=zh-TW,4,True,86,"(由Google提供翻譯)如果您有足夠的亞洲食物並且渴望一些西式意大利面，那麼這裡就是您要去的地方。午餐時間可以打包一點。

(原始評論)
IfyouhadenoughAsianfoodandcravesomeWesternpasta,thisistheplacetogo.Canbealittlepackedduringlunchhours."
 小公主 ,https://www.google.com/maps/contrib/114645312321350915995/reviews?hl=zh-TW,4,True,42,"(由Google提供翻譯)送錯餐點也沒有說什麼，好險我們有發現那不是我們的餐點。店內有一隻鋼鐵人XD食物就普通了。

(原始評論)
送錯餐點也沒有說什麼，好險我們有發現那不是我們的餐點。店內有一只鋼鐵人XD食物就普通了。"
 Noi Phénoménal ,https://www.google.com/maps/contrib/103662464003414981701/reviews?hl=zh-TW,3,True,52,"(由Google提供翻譯)我和我最喜歡的朋友在這裡吃飯。

(原始評論)
Iwasherewithmyfavfriend,goodmeal."
 吳英志 ,https://www.google.com/maps/contrib/107696123145947916028/reviews?hl=zh-TW,4,False,315,"(由Google提供翻譯)麵條種類還可以選擇，筆尖麺口感不錯，價位合理，惜蛤蜊不太新鮮。

(原始評論)
麵條種類還可以選擇，筆尖麺口感不錯，价位合理，惜蛤蜊不太新鮮。"
 S. Matsuda ,https://www.google.com/maps/contrib/117503956320135217800/reviews?hl=zh-TW,5,True,378,"(由Google提供翻譯)番茄醬海鮮doria超級好吃！
這個要155元，在日本是300元。
Cospa也是最棒的！

(原始評論)
トマトソース魚介ドリア激ウマ！
これで155元、日本なら300元する。
コスパも最高！"
 Michael Parkes ,https://www.google.com/maps/contrib/102570772059718727901/reviews?hl=zh-TW,4,True,73,"(由Google提供翻譯)食物很好，價格還可以。英文菜單經常出現語法錯誤。

(原始評論)
Goodfood,okayprices.Englishmenuhasfrequentgrammarmistakes."
 raymond tsai ,https://www.google.com/maps/contrib/111962790891874943833/reviews?hl=zh-TW,4,True,561,和北科的味差不多
 Tim J ,https://www.google.com/maps/contrib/108442062357999617434/reviews?hl=zh-TW,3,True,54,"(由Google提供翻譯)體面的食物價格合理。永遠不會再去了，但體驗還不錯。附近有很多更好的食物。

(原始評論)
Decentfoodatdecentprices.Wouldnevergoagainbuthadanokexperience.There'salotofbetterfoodinthesurroundingneighborhood."
 ray jeffy ,https://www.google.com/maps/contrib/100996426058849362370/reviews?hl=zh-TW,4,True,21,"(由Google提供翻譯)食物很好😋😋

(原始評論)
Foodisgood😋😋"
 劉冠廷 ,https://www.google.com/maps/contrib/114088022016029326233/reviews?hl=zh-TW,4,True,463,份量很多很便宜
 Doris. ,https://www.google.com/maps/contrib/104068854055880342571/reviews?hl=zh-TW,5,True,18,超好吃份量也很足❤💙💛💜💚推推
 翁家羚 ,https://www.google.com/maps/contrib/109603646931484084406/reviews?hl=zh-TW,5,True,17,"CP值超高,好吃"
 Kris Zhou ,https://www.google.com/maps/contrib/101920621511064076564/reviews?hl=zh-TW,4,True,113,便宜好吃
 Rena Chang ,https://www.google.com/maps/contrib/115301514014762035973/reviews?hl=zh-TW,4,True,219,cp值高
 Mike ,https://www.google.com/maps/contrib/104089614462692509590/reviews?hl=zh-TW,5,True,34,"(由Google提供翻譯)非常好吃，服務很好。

(原始評論)
Verydeliciousandgoodservice."
 Nicola A ,https://www.google.com/maps/contrib/100596011114540197506/reviews?hl=zh-TW,4,True,47,"(由Google提供翻譯)不錯的台灣麵食重溫！

(原始評論)
NotbadTaiwanesepastarevisitation!"
 Jonny LI ,https://www.google.com/maps/contrib/113243925148253216615/reviews?hl=zh-TW,4,True,149,主副餐都很用心
 Jing wei Chen ,https://www.google.com/maps/contrib/111836485333282863581/reviews?hl=zh-TW,5,True,25,很好吃cp值很高！
 lukerking YIK (Radium‧TW) ,https://www.google.com/maps/contrib/100811362778989802027/reviews?hl=zh-TW,4,True,167,便宜又好吃但份量少
 Sam Fang ,https://www.google.com/maps/contrib/114668750127523315997/reviews?hl=zh-TW,4,False,83,好吃
 Cheryl Yeh ,https://www.google.com/maps/contrib/106134652837387561771/reviews?hl=zh-TW,4,True,95,便宜好吃，CP值高
 林瑋婷 ,https://www.google.com/maps/contrib/114766116204157439301/reviews?hl=zh-TW,4,False,24,好吃，CP值高
 温曉涵 ,https://www.google.com/maps/contrib/114523463310308330475/reviews?hl=zh-TW,4,True,129,CP值高
 葉佳德 ,https://www.google.com/maps/contrib/115700762623625158214/reviews?hl=zh-TW,5,False,17,超好吃
 Christine Huang ,https://www.google.com/maps/contrib/115814879662021977309/reviews?hl=zh-TW,5,True,14,CP值很高！
 Alv Lu ,https://www.google.com/maps/contrib/107699639926732385252/reviews?hl=zh-TW,5,True,72,"(由Google提供翻譯)美味的意大利調味飯，價格實惠！

(原始評論)
Nicerisottoatgreatprice!"
 呂嘉穎 ,https://www.google.com/maps/contrib/114642986926893208610/reviews?hl=zh-TW,5,False,1,Cp值高～物超所值
 Annie Chang ,https://www.google.com/maps/contrib/106495073440708221358/reviews?hl=zh-TW,5,True,164,"(由Google提供翻譯)兩個字……便宜又好吃！👍🏻

(原始評論)
Twowords...Cheapanddelicious!👍🏻"
 鄧日中 ,https://www.google.com/maps/contrib/113298847003645977970/reviews?hl=zh-TW,5,True,125,好食，好料，好味道!
 Claire Lin ,https://www.google.com/maps/contrib/107215407283793484587/reviews?hl=zh-TW,5,False,20,焗烤便宜好吃
 Wen Kao ,https://www.google.com/maps/contrib/108308562216747107421/reviews?hl=zh-TW,5,True,38,CP值高
 Eliot Zhang ,https://www.google.com/maps/contrib/111903069756308490785/reviews?hl=zh-TW,4,True,78,"(由Google提供翻譯)良好的c/p值

(原始評論)
Goodc/pvalue"
 • W ,https://www.google.com/maps/contrib/112205776293622881643/reviews?hl=zh-TW,4,True,136,好吃
 杜明道 ,https://www.google.com/maps/contrib/109683822073786322034/reviews?hl=zh-TW,4,False,15,好吃
 Joseph Chen ,https://www.google.com/maps/contrib/103611553727223125802/reviews?hl=zh-TW,4,True,759,"(由Google提供翻譯)味道不錯，不貴

(原始評論)
Tasteok,notexpensive"
 Jason Wang ,https://www.google.com/maps/contrib/106362509264597658989/reviews?hl=zh-TW,4,True,98,好吃
 Ryu Chin ,https://www.google.com/maps/contrib/118126784623078908667/reviews?hl=zh-TW,5,False,1,"(由Google提供翻譯)味道很好

(原始評論)
it'shasgreattaste"
 Sophia Han ,https://www.google.com/maps/contrib/117685610471029008509/reviews?hl=zh-TW,4,True,168,高CP值的pasta店
 伍冠瑋 ,https://www.google.com/maps/contrib/107700225744290175943/reviews?hl=zh-TW,5,False,3,好吃欸！
 Lin Asehn ,https://www.google.com/maps/contrib/117401697657656743255/reviews?hl=zh-TW,4,True,554,"(由Google提供翻譯)不錯

(原始評論)
Notbad"
 H Denny ,https://www.google.com/maps/contrib/112619212782822459891/reviews?hl=zh-TW,4,True,155,便宜好吃～
 RRR ,https://www.google.com/maps/contrib/107458781592649282334/reviews?hl=zh-TW,5,True,26,CP值超高
 Ting Wu ,https://www.google.com/maps/contrib/117383849680928876877/reviews?hl=zh-TW,5,True,18,便宜，CP值高
 Sophia Yuan ,https://www.google.com/maps/contrib/105309809733280583650/reviews?hl=zh-TW,4,True,70,便宜好吃
 Kurt Wang ,https://www.google.com/maps/contrib/102484623960175994573/reviews?hl=zh-TW,5,True,35,CP值超高的店家
 陳玫君 ,https://www.google.com/maps/contrib/102375975660373050677/reviews?hl=zh-TW,4,False,7,很好吃
 Wen Yao ,https://www.google.com/maps/contrib/105488613422584116230/reviews?hl=zh-TW,5,False,50,便宜
 Gina Lee ,https://www.google.com/maps/contrib/115392954592542291708/reviews?hl=zh-TW,3,True,83,便宜、方便、快速
 Li Jui Chang ,https://www.google.com/maps/contrib/112011721715523760657/reviews?hl=zh-TW,5,True,188,"(由Google提供翻譯)好的

(原始評論)
Good"
 JOHN JOHN ,https://www.google.com/maps/contrib/116447226896106552450/reviews?hl=zh-TW,5,True,38,"(由Google提供翻譯)好的

(原始評論)
Nice"
 郭鐘元 ,https://www.google.com/maps/contrib/116477072567878456723/reviews?hl=zh-TW,4,False,14,CP值高
 FeiFei Wang ,https://www.google.com/maps/contrib/117796086326913491350/reviews?hl=zh-TW,3,True,390,便宜
 鄭淑玲 ,https://www.google.com/maps/contrib/114082530227991783336/reviews?hl=zh-TW,4,True,191,CP值高
 M L ,https://www.google.com/maps/contrib/106671010975716382655/reviews?hl=zh-TW,3,True,100,一般
 ricole hung ,https://www.google.com/maps/contrib/106974322992998069146/reviews?hl=zh-TW,4,True,30,CP高啊
 tom tomy ,https://www.google.com/maps/contrib/106970068212119575492/reviews?hl=zh-TW,5,False,9,高cp
 Martin Yang ,https://www.google.com/maps/contrib/115489000492733442809/reviews?hl=zh-TW,3,True,362,味道普普
 75/03/09明峰 ,https://www.google.com/maps/contrib/105379108047369061383/reviews?hl=zh-TW,5,True,23,李明峰
