user_name,user_profile_url,rating,local_guide,comment_num,comment_text
 大高助教 ,https://www.google.com/maps/contrib/109484894375743751080/reviews?hl=zh-TW,3,True,300,"12/28早午餐內用
湯包味道不錯，但一份$95有點貴
紅茶豆漿普通
燒餅夾蛋不錯，

只是剛好當下有個熟客直接插隊，
店家也就順理成章讓她先買單"
 shih-mei chang ,https://www.google.com/maps/contrib/103679598575583568151/reviews?hl=zh-TW,2,True,120,時常經過的豆漿店，外觀看起來乾乾淨淨，嘗試買了燒餅油條跟豆漿，油條偏乾沒有酥脆、燒餅上帶有一些炭渣，豆漿普通。但店內噪音很大，聽不清楚結帳店員說話，店員態度需要加強。
 hayley li ,https://www.google.com/maps/contrib/118409277727294220435/reviews?hl=zh-TW,4,True,311,很喜歡宵夜來這邊❤️鮪魚蛋餅是有美乃滋的那種～熱豆漿+油條最療癒
 Yen-Po Chang ,https://www.google.com/maps/contrib/114293399310203365279/reviews?hl=zh-TW,3,True,358,鹹豆漿加蛋$45，內有油條少許以及有點像蘿蔔乾切丁的配料。味道道地不會過酸過鹹，本身品質是不錯的。下午兩點半仍然有在營業這點很好，惟店員聊天飲料稍大且用餐環境比較傳統，應該比較適合外帶。
 Huang Remember ,https://www.google.com/maps/contrib/107198738714563864399/reviews?hl=zh-TW,4,True,153,"小籠湯包可以吃得出來是自家手工
沒有特別突出也沒有不好吃
就是一般般
不過韭菜盒還是贏過一堆的永和豆漿"
 Vera ,https://www.google.com/maps/contrib/101634260225721075281/reviews?hl=zh-TW,4,True,"1,027",2022/4/9初訪，宵夜的好選擇，沒有很驚艷但也不雷，豆漿好喝，飯糰偏小但很Q，飯糰內餡是菜播跟略酥硬的油條，單點的油條口感稍軟，鮪魚蛋餅滿推薦但是胡椒太重，蛋餅是偏濕軟的傳統口感
 杜海海 ,https://www.google.com/maps/contrib/115075702723634044469/reviews?hl=zh-TW,1,False,5,路過買個飯糰吃看到35元價位料應該不錯拿到飯糰我差點沒傻眼你這樣賣35如果加蛋50我一定吐血那口感如何？阿就沒料還要說什麼口感是吧？
 Fancy Jian ,https://www.google.com/maps/contrib/115327228316965062354/reviews?hl=zh-TW,4,True,138,"🔹店名：吳家豆漿
🔹交通：距離芝山捷運站2號出口700公尺，步行約9分鐘；克強游泳池公車站牌，中山幹線、902、612、680可到
🔹內用/外帶：可內用外帶
🔹付款方式：現金
🔹上餐時間：此次等待時間約6分鐘
🔹環境：乾淨整潔，適合一人用餐，約20人用餐座位
🔹菜單：豆漿、飯糰、饅頭包子、蘿蔔糕、蛋餅、酥餅
🔹已回訪很多次，非常推薦飯糰，有販售酥餅所以想吃就會來，豆漿沒有焦味不會過甜；喜歡老闆娘親切服務令人感到舒服，適當的寒暄尺度拿捏很好。"
 Katheren ,https://www.google.com/maps/contrib/116826300555031605363/reviews?hl=zh-TW,1,False,27,"櫃檯態度超級差
才幾個人態度也可以差成那麼誇張
東西好了不說
還直接丟在櫃檯
是沒嘴巴嗎？
你丟在那我是知道那是我的？
櫃檯是一個綁包包頭的大媽

絕對不會再去第二次
然後點培根蛋餅
裡面是火腿？
培根跟火腿分不清？
東西亂用又貴
連醬油膏都不加
也沒問要不要加
（上一個熟客他就有問）
超級差勁的店家
連一顆星也不想給"
 Nick (Z) ,https://www.google.com/maps/contrib/107710742980147680460/reviews?hl=zh-TW,5,True,193,每每想喝一碗熱熱的鹹豆漿加蛋，就會特別騎車來這吃，一試成主顧
 Emotina Kacari ,https://www.google.com/maps/contrib/102263323873668549539/reviews?hl=zh-TW,5,False,22,"2022/11/18的價目
今天點了起司蛋餅，好好吃～有豆漿店蛋餅獨門的蔥味👍（忘記拍食物了）"
 侯麗雪 ,https://www.google.com/maps/contrib/101882595925917440231/reviews?hl=zh-TW,3,True,34,韭菜盒好吃，無糖溫豆漿也好喝，飯團米飯很Q
 Abbie Chang ,https://www.google.com/maps/contrib/102453350836514933736/reviews?hl=zh-TW,1,True,99,"買過幾次，食物還OK，
但櫃台包頭阿姨態度永遠差到不行…
經過今天不會再來了。
不預期平價豆漿店會有什麼服務，
但應該不至於要花錢受這種對待。

菜單有寫個「鐵板麵」，沒別的備註。
說了要一份鐵板麵後，
阿姨語氣不悅：「要蘑菇嗎？」
我：「不要加蘑菇，謝謝！」

阿姨(超凶)：「那我要怎麼炒麵？蛤？」
我瞬間莫名其妙…不能回答不加蘑菇嗎…

阿姨：不要蘑菇然後咧！要什麼！
我很緊張地問「喔！有什麼可以選？」

阿姨：（暴怒）黑麵、蘑菇！到底要不要吃？
我：…黑麵好了。

雖然不知道黑麵是什麼，但也不敢問了，
拿到後發現原來是黑胡椒麵啊…..

原來不知道鐵板麵有這兩種的客人，就會被訓斥。

去的時候是晚上10點，
店裡用餐客人只有3位，
店員看起來不忙，也只有我正要點餐，
卻好像連10秒鐘的耐心也不願意施捨。

裝袋的時候，阿姨：「餐具要不要？」
然後在我才剛說「不用餐具」一秒後，
立刻塞兩雙筷子進來….
完全沒有要聽客人說話的意思☹️

非常糟糕的消費體驗👎🏻"
 陳學隆 ,https://www.google.com/maps/contrib/106499751804704379218/reviews?hl=zh-TW,1,True,7,吃前滿滿的期待，吃後滿腹的無奈，道地燒餅油條該有的酥，鬆，軟的口感，一樣也沒有，竟需使勁咬下，用力撕扯才能入口，我還買了肉包及蔥捲餅，一樣沒有道地手工麵皮該有的勁道口感，和麵粉香氣，呈現出來的是發粉放很多，非老麵發酵的成品，……或許……它的價格再降個一半，我會多給半顆星的評價。
 Penny Chen ,https://www.google.com/maps/contrib/101614898786573982010/reviews?hl=zh-TW,4,True,235,豆漿可說是一般中式豆漿店的頂級品質，滑順沒有雜質，濃度一致性夠，從沒喝到淡如水的感覺。中式餐點也可圈可點，蔥燒餅質地軟類台式麵包，蔥和胡椒味夠勁。饅頭也和一般大批量的不太一樣，較有嚼勁。
 WenChun Tseng ,https://www.google.com/maps/contrib/107326550570811959223/reviews?hl=zh-TW,1,True,266,"店員態度很差
蛋餅可以煎那麼焦，真是絕了
一份還要42元

生意還很好，可見這附近沒有早餐店可以吃了"
 Hone Ma ,https://www.google.com/maps/contrib/104561023573271527686/reviews?hl=zh-TW,3,True,126,"飯糰簡直不行
但是豆漿味道還是不錯的
鮪魚蛋餅有噁心的腥臭味
優點是24小時營業但是點豆漿就好"
 棉花糖 ,https://www.google.com/maps/contrib/108870255151786588422/reviews?hl=zh-TW,1,True,29,店家態度實在超級差的，點了鐵板麵，居然回應說沒有時間幫我炒，無言極了，給一顆星是豆漿好喝，不然實在不想給星
 陳韋志 ,https://www.google.com/maps/contrib/113833725023958031876/reviews?hl=zh-TW,3,True,136,"宵夜人都不少，東西大多尚可，油條是再加熱，口感會比較差。

加蛋鹹豆漿很好吃，加一點辣椒，味道上一層樓，喜歡裡面蝦米與菜脯，微微鹹的口味很吸引我。

蛋餅與蘿蔔糕中等，加點醬油膏與辣椒也會增色不少。冰豆漿也不錯喝，我喜歡搭配一隻油條一起吃。

環境不算特別乾淨，有一種油膩的感覺，但24小時營業，是宵夜的好去處，所以晚上人都蠻多的。

價格稍微偏高，特別飯糰很貴，因為很小一個，雖然不錯吃，但是幾口就沒了，很不過癮。

通常都是來吃宵夜，雖然人多，但大致上都會有位置，吃完不用收，店員會過來收。

五顆星：值得特別去吃。
四顆星：有經過可吃。
三顆星：有人約可考慮。
兩顆星：不值得一去。
一顆星：自我虐待。"
 陳小雯 ,https://www.google.com/maps/contrib/113815760227456504607/reviews?hl=zh-TW,1,False,36,點餐大嬸態度非常差，沒想到服務態度這樣都可以生存，一堆人問個問題都不行，櫃檯大嬸咄咄逼人，很雷！
 JOPU ,https://www.google.com/maps/contrib/108230157469747596758/reviews?hl=zh-TW,4,True,273,"冰豆漿香濃，有種優酪乳般醇厚的口感，還挺喜歡的

下班後來一杯，有飽足感又健康！"
 睿宸潘 ,https://www.google.com/maps/contrib/113141644705814937230/reviews?hl=zh-TW,1,False,15,對我朋友大聲吆喝，這樣的服務態度⋯讓人花錢還要找氣受，這樣的店⋯真的沒有存在的意義
 Harlem Say ,https://www.google.com/maps/contrib/111183882165422604758/reviews?hl=zh-TW,4,True,87,"最近來了兩次，雖然以前比較常來，
假日很多人在排隊，平日的早上其實也不少人排隊啦，店名有豆漿所以豆漿一定是強項，不但如此，挑嘴的小侄子說燒餅，很好吃可以再來吃，我也贊同。
最近這一次點的是有蔥花捲，還有鹹豆漿，基本上鹹豆漿吃完就飽了，所以我只要兩三口就直接外帶回家，一直到中午才拿出來吃是有嚼勁的很紮實的用料。
在大馬路中山北路路旁，離捷運站還有一大段距離，至少要走20分鐘，旁邊有公車站。
採光明亮，座位約莫30個位子。
自助式取餐，服務人員看起來是嚴肅的，事實上是和藹的，像我第二次去，他會跟小孩子還有老人主動說話。
這是可以推薦給大家的尤其他們的食物。"
 Scott Chang ,https://www.google.com/maps/contrib/103990164879767042043/reviews?hl=zh-TW,2,True,553,味道尚可，晚上服務生口氣不佳，要點芝麻糖餅，就很不耐煩的說，糖餅就是糖餅，芝麻就是芝麻餅，何必要這樣回答客人。
 YS Wu ,https://www.google.com/maps/contrib/112625150177901007102/reviews?hl=zh-TW,3,True,366,"[特色]老牌的天母燒餅油條店，適合吃宵夜。不過東西品項有變少，口味適宜，小籠湯包不錯。
[服務]老闆還不錯，但是容易忘東忘西"
 Hongchia C ,https://www.google.com/maps/contrib/110689762727475556634/reviews?hl=zh-TW,1,False,5,"阿姨店員態度差對客人大呼小叫的
很沒禮貌東西味道也是普普"
 HSU小容 ,https://www.google.com/maps/contrib/104325064469683631142/reviews?hl=zh-TW,5,True,194,"點油條、蔥花蛋、培根蛋餅和豬排蛋餅，
一杯熱豆漿、冰豆漿，全部都好吃～～❤❤🥣🥚🥢"
 連世震 ,https://www.google.com/maps/contrib/105527298484301284234/reviews?hl=zh-TW,1,False,16,10月11日晚上九點多颱風夜買了韭菜盒3個飯團4個，蘿蔔糕與蛋餅各三份以及豆漿與鹹豆漿當時並無別組客人在場，返家後發現店員竟也能漏將鹹漿放入！離譜的是去電後店員只說可以明天再去拿！這已不是購買吳家豆漿第一次店員漏放購買的品項了！這種態度令人火大也很不滿！把別人時間當屁一再犯錯真的很糟糕！
 HANK CHEN ,https://www.google.com/maps/contrib/117785670423687557707/reviews?hl=zh-TW,4,True,264,店員態度還行，但餐點部分好吃😋，醬料部分跟鬼一樣（加爆）
 Tima Y.S. ,https://www.google.com/maps/contrib/103244460790726580833/reviews?hl=zh-TW,5,True,56,"很喜歡這家飯糰耶～～～
不會太鹹，份量也非常適中🥰
平常吃永和覺得飯糰太鹹（菜圃的關係吧😋）"
 Carol ,https://www.google.com/maps/contrib/101421193351342420096/reviews?hl=zh-TW,4,True,43,"鹹豆漿是溫和細膩路線
蘿蔔糕小辣，好吃"
 L ,https://www.google.com/maps/contrib/107915113286331058577/reviews?hl=zh-TW,1,True,51,"用熊貓點了
1.飯糰蛋
2.起司蛋餅
3.燒餅蛋
4.無糖豆漿

飯糰蛋：白糯米豪無香氣可言，軟硬度尚可，蘿蔔乾扮演鹹味的角色，裡面的蔥蛋乾癟，絲毫蔥跟蛋的香氣都沒有，整個飯糰蛋只有裡面用了老油條是有香氣好吃的，所以我只把油條吃完而已，其他的無法再吃。

起司蛋餅：是整份餐點裡面最值得花費購買的，軟香的起司，加帶點Q勁的蛋餅皮，但是就是中上水準，無須為了這個品項前來。

燒餅蛋：燒餅外皮雖然微酥，但是吃起來完全沒有麵粉香，也沒有酥脆的口感，裡面也沒有醬油膏，整體口感偏乾。

無糖豆漿：濃綢的口感，但是如同前面的食物，沒有黃豆的香氣，就像喝一杯濃綢的開水，我跟朋友共點了兩杯，兩人各喝半杯，已經無法再喝更多，剩下一杯未開封的就放在桌上，沒人願意再喝…到底喝了什麼？？？

綜合以上，整間的食物都有其表卻未有其味（除了起司蛋餅外），連蔥蛋都可以又乾薄又沒味道，然後豆漿顏色很白，口感濃稠卻沒豆香，好奇老闆都有在試吃自己販賣的品項嗎…

不會再訪，慘。"
 黃金安 ,https://www.google.com/maps/contrib/105263025348952658149/reviews?hl=zh-TW,4,True,376,豆漿算是濃的，不會很甜，但是沒有焦香(個人喜好)。燒餅油條算是好吃的，有酥、有香氣，咀嚼之後有麵粉香，好吃。唯一的缺點，就是燒餅跟油條都好薄，口感不夠好。
 龎大宇 ,https://www.google.com/maps/contrib/103668885576664159416/reviews?hl=zh-TW,4,True,541,【舌尖上的旅行】蛋餅Q彈、燒餠酥脆、饅頭嚼勁足…。湯包皮餡搭配没特色口味，豆漿的黄豆口感有些稀薄了！
 林先生 ,https://www.google.com/maps/contrib/105380266990018607650/reviews?hl=zh-TW,3,True,"1,160","食物不錯，不過價位稍高點
豬排蛋餅+2蔥蛋+熱清漿=97$"
 Grant Chen ,https://www.google.com/maps/contrib/108417826624475999225/reviews?hl=zh-TW,3,True,203,油條不會油膩，而且油滿乾淨的，其他跟一般豆漿店差不多。
 Dear John ,https://www.google.com/maps/contrib/101984288879877920135/reviews?hl=zh-TW,4,True,752,凌晨路過的不錯選擇、蔬菜蛋餅非常推、油條鬆軟但有點乾(烘烤加熱)。
 Joyce Ou ,https://www.google.com/maps/contrib/114742719436956948351/reviews?hl=zh-TW,1,False,2,"我是第一次到吳家豆漿店用餐，店員的服務態度真的很差，只問了一句請問要如何點餐，綁包包頭的那位小姐就很大聲用輕蔑及斥責的囗吻回話，這種感覺瞬間讓客人很不好意思好像故意不排隊似的，吃東西的心情都沒有了。
做為服務業態度這麼差真的極為差勁！👎"
 王曉狙 ,https://www.google.com/maps/contrib/115668840453308596409/reviews?hl=zh-TW,3,True,125,"吃了鹹豆漿，冰豆漿，蛋餅，燒餅夾蛋。味道都還好，不難吃。
蒜蓉醬油調的不錯！"
 許肇庭 ,https://www.google.com/maps/contrib/104390315856507959957/reviews?hl=zh-TW,4,False,86,"甜的酥餅都不錯吃，價格也不貴，很擄獲我這種突然想吃甜酥餅的人。
但是，蘿蔔酥餅偏難吃，內餡口味不佳，外皮也不酥，不推。"
 Yi-En Song ,https://www.google.com/maps/contrib/101657048591091975115/reviews?hl=zh-TW,5,True,15,店員服務親切；食物料好實在，適合宵夜或早餐吃！
 Star530Fish ,https://www.google.com/maps/contrib/103253329795271847412/reviews?hl=zh-TW,2,False,7,"點外送跟內用的半熟蛋都給我全熟
內用還可以重點就算了
外送的備註上我說請給我醬油蛋半熟
在每個商品上都打就是怕你們沒注意
結果來還是全熟的蛋和醬油膏
我真的不吃醬油膏⋯
可以請你們多用點心嗎🫠"
 洪聖傑 ,https://www.google.com/maps/contrib/114040964569044278500/reviews?hl=zh-TW,5,True,14,平常都是宵夜時段過來吃，可以24H吃的到真的很划算，東西很好吃，鹹豆漿跟蛋餅很推
 W W ,https://www.google.com/maps/contrib/104932602924623459263/reviews?hl=zh-TW,2,True,116,餐點普通，環境有蟲蟲在飛，點餐一直被催促還要嗎，但24小時開半夜肚子餓很適合
 Eudora Huang ,https://www.google.com/maps/contrib/101053172300692716907/reviews?hl=zh-TW,5,False,12,"蔥捲餅很好吃
是很鬆軟的口感
令人念念不忘👍👍👍"
 楊成財 ,https://www.google.com/maps/contrib/112419048379773863657/reviews?hl=zh-TW,5,False,1,工作人員服務態度很好又親切現在的物價、在我個人認為不貴還0k、我都是早上7ㄧ8點到克強路吳家用餐
 李哲元 ,https://www.google.com/maps/contrib/115361239841663562189/reviews?hl=zh-TW,2,True,73,"餐飲口味不好吃,早餐的重點在雞蛋的調理要有蛋的香氣,燒餅要酥脆.肉包要熱.以上都不及格."
 Ailee Huang ,https://www.google.com/maps/contrib/116129927039213518060/reviews?hl=zh-TW,5,False,5,利用外送平台預定外帶，餐點很準時！油條蛋餅跟豆米漿好吃又好喝
 Jerome Li ,https://www.google.com/maps/contrib/103292180445086318083/reviews?hl=zh-TW,3,True,31,晚餐跟宵夜的選擇之一，優點是價目表瞭然掛置於牆壁上。採櫃檯點餐付費後再挑選座位先，之後服務人員會說出餐點名稱在自己去拿餐托盤取餐。廚師跟收銀人員流動率蠻大的，因此常吃的話會吃的出來餐點品質不穩定。而辣椒不錯吃，愛吃辣的話別錯過！
 PowerSpongy ,https://www.google.com/maps/contrib/103097890162207560757/reviews?hl=zh-TW,3,True,273,燒餅油條剛出爐整個酥脆口感很好吃，豆漿中規中矩。整體價格偏高，但不失為宵夜好選項。
 S. H. ,https://www.google.com/maps/contrib/104380578666059153259/reviews?hl=zh-TW,1,True,23,"女歐巴桑的態度有夠差
東西好了也不講
直接丟在旁邊是怎樣？？

重點是還有部落客推薦
部落客八成是瞎了"
 Sylvia Ho ,https://www.google.com/maps/contrib/113127392515977695408/reviews?hl=zh-TW,2,False,22,"服務態度超差

餐點送上來了也不會告知一下
我怎麼知道是給我的=="
 L ,https://www.google.com/maps/contrib/105929241964797254567/reviews?hl=zh-TW,4,True,"2,063","鹹豆漿不錯，燒餅油條各17元
24小時營業冬天冷來這暖暖吃"
 PJ ,https://www.google.com/maps/contrib/102457307321432376481/reviews?hl=zh-TW,3,True,105,"清漿豆味很夠
燒餅滿好吃的
蔬菜蛋餅也不錯
但湯包皮還好
不過24H真的非常方便不錯的選擇"
 Erin Sung ,https://www.google.com/maps/contrib/106275835288867390201/reviews?hl=zh-TW,5,True,42,蛋餅很好吃豆漿豆花也很好吃不會太甜
 謝穎姍 ,https://www.google.com/maps/contrib/104679327368046099826/reviews?hl=zh-TW,5,True,61,"鮪魚蛋餅肉排蛋餅外皮酥脆內餡飽滿好好吃
飯糰米飯粒粒分明加蛋50元有點小貴但好吃
唯一待加強豆漿太甜
出差宵夜良伴"
 楊志雄 ,https://www.google.com/maps/contrib/113705618642416002598/reviews?hl=zh-TW,3,False,43,很平常的豆醬店，可能營業時間常，店員似乎睡眠不足
 Tiger Lo ,https://www.google.com/maps/contrib/114111552029899177646/reviews?hl=zh-TW,1,False,8,早上進去坐下來看好餐點準備點餐，走到櫃檯也沒有人理我們，甚至連看都不看我，站了一分鍾左右轉頭拿包包走人，此時只有一個客人站在櫃檯前不知道是在等餐還是等點餐，呵呵...........裡面有三個工作人員，生意太好了是吧，那我們就只好分點給別人賺囉.
 吳震銘 ,https://www.google.com/maps/contrib/114591246636733389392/reviews?hl=zh-TW,4,True,38,士林天母24小時營業服務，不亞於阜杭豆漿真好吃，既幸福又好滿足👍💯👏
 蔡秉翰 ,https://www.google.com/maps/contrib/115464318332889180110/reviews?hl=zh-TW,5,True,"3,178","乾淨好吃服務親切
看到行動不便的顧客會主動拿餐點到外面交到顧客手中看了很感動😹
平日下午沒什麼人"
 PIEGIRL ,https://www.google.com/maps/contrib/105256174598839971384/reviews?hl=zh-TW,1,False,37,備註完全沒在看的，滿滿的菜圃，在foodpanda花63元買一個垃圾回來丟
 Kumo ,https://www.google.com/maps/contrib/103647357355837146454/reviews?hl=zh-TW,3,True,28,"店內環境還滿乾淨的，
不過好像沒什們特別好吃的主力商品。"
 Molly Liew ,https://www.google.com/maps/contrib/105049000178584192583/reviews?hl=zh-TW,3,True,89,"一直都吃天母西路的江家，
想說來嚐個鮮去吃遠一點的吳家。
整體我覺得還是江家比較好，
江家環境比較明亮衛生，
餐點選項也比較多。
但住附近到不想跑太遠，
又剛好想吃這一味的話
的確是尚可的選擇！
倒是沒必要遠道而來就是了～"
 Howard Lee ,https://www.google.com/maps/contrib/111867951781971076138/reviews?hl=zh-TW,4,True,258,特別推薦這裡的蛋餅類及韭菜盒子，還有這裡的辣椒也很香！肉包及蘿蔔糕比較沒什麼特色，建議可以Pass。
 Winnie Ho ,https://www.google.com/maps/contrib/101515670936163222064/reviews?hl=zh-TW,1,False,1,很恐怖....昨天外賣的飯團有蟑螂
 hsu fh ,https://www.google.com/maps/contrib/103223147504221345018/reviews?hl=zh-TW,1,False,10,"講話很快的阿姨點單也按很快，會不小心給你多按一兩樣，多收錢但最後出的餐點數量不符價格！

———
今天點了玉米蛋餅37+燒餅加蛋37+培根蛋餅42
總和是116
結果阿姨要收180，原來是多按了一個原味蛋餅27
但扣掉一個原味蛋餅的錢收了我們143元

最後給我們玉米蛋餅*1燒餅加蛋*1培根蛋餅*1

是不是不小心又多按了一個37元的東西啊？
就算是這樣單子印出來送到煎台，最後應該出給我們四個餐點吧？？什麼神奇操作？

希望大家來這家店點餐時可以多加注意"
 浩程楊憲騰 ,https://www.google.com/maps/contrib/106436892413988251589/reviews?hl=zh-TW,4,True,135,真的很好吃，就是價錢不便宜，貴到我們連豆漿都不敢點來喝。
 黃廷瑋 ,https://www.google.com/maps/contrib/100480154714092466316/reviews?hl=zh-TW,4,True,54,"不知道是我餓還說可以接受
我自己對湯包蠻挑的😂
裡面肉還算紮實
豆漿建議半糖🤔我點正常裡面還有糖粉、太甜"
 Lydia Yu ,https://www.google.com/maps/contrib/111746473517258870152/reviews?hl=zh-TW,1,True,84,"鮪魚蛋餅的價格有點讓我嚇到
可能是天母又24小時吧
不然這個價格⋯
味道、份量跟一般店的差不多
冰無糖豆漿順口"
 蛋頭哥 ,https://www.google.com/maps/contrib/116979028738642702049/reviews?hl=zh-TW,4,True,"1,360",油不會下得過量，每樣商品的質量的不錯，宵夜的好去處
 嘎嘣脆 ,https://www.google.com/maps/contrib/117320944519802228976/reviews?hl=zh-TW,1,False,7,真的太噁心了🤮喝一碗豆漿豆花裡面冒出一支蟑螂腳真的是要吐了
 葛元楷 ,https://www.google.com/maps/contrib/110904548990414172824/reviews?hl=zh-TW,4,True,46,燒餅比較不脆，整體而言蠻好吃的
 Daryl Cheng ,https://www.google.com/maps/contrib/105879598845940339708/reviews?hl=zh-TW,3,True,725,蛋餅好吃，服務真的很不怎麼樣⋯⋯但食物還可以⋯
 嗨 ,https://www.google.com/maps/contrib/109212460956890314386/reviews?hl=zh-TW,3,True,49,櫃檯結帳女士講的話太急，有點聽不懂，態度有待改善…
 Aniki ,https://www.google.com/maps/contrib/101689070042057321344/reviews?hl=zh-TW,4,True,384,"飯糰蔥餅好吃、早班人員親切！
更新、2021.04.05.夜班八點的點餐員其態度很差！"
 Yuho Hsu ,https://www.google.com/maps/contrib/110340073982637480267/reviews?hl=zh-TW,1,True,67,"1.不是來聽老店員聊老闆娘買了愛迪達鞋進門差點滑倒的碎嘴八卦
2.沸騰豆漿花了十多分鐘吹涼才能入口塑膠內裏紙碗與湯匙都要熱的變形了；現今豆漿店都如此不惜瓦斯費了嗎？？..真是開眼界！想想你們自己或家人會喝這麼沸騰的豆漿嗎？用點心不要只會聊天。20220328pm8:30"
 莊幸如（刺青太太） ,https://www.google.com/maps/contrib/104686659229769830533/reviews?hl=zh-TW,4,True,141,還有這兩家都在一起吃不怕飽
 劉于誠 ,https://www.google.com/maps/contrib/101518203754818676679/reviews?hl=zh-TW,3,True,168,偏貴，但餐點算是還行的一間24小時豆漿店。
 黃妍昕（Angela） ,https://www.google.com/maps/contrib/101806019876920520128/reviews?hl=zh-TW,5,False,6,"已經叫了第三次，實在太好吃了😋
改天想直接到店裡吃！"
 獅子龍 ,https://www.google.com/maps/contrib/107400803948794575924/reviews?hl=zh-TW,5,True,66,豆漿香濃，燒餅酥脆，油條到位，標準的台式豆漿早、午餐、下午茶的實在店，值得品嚐，雖然稍貴
 Kathy ,https://www.google.com/maps/contrib/107710290279829120624/reviews?hl=zh-TW,1,False,7,"櫃檯點餐一個講話很快的小姐
去十次大概有八次態度都非常差"
 0911ddtddt ,https://www.google.com/maps/contrib/108795748692240204861/reviews?hl=zh-TW,1,False,94,韭菜盒都焦了還要賣給客戶
 Tarry ,https://www.google.com/maps/contrib/100071696877332879670/reviews?hl=zh-TW,1,True,162,"小籠包8個95
結果皮很厚切"
 c.h w ,https://www.google.com/maps/contrib/113161994704543728752/reviews?hl=zh-TW,1,False,14,"漲價了，但是沒關係...如果還是一樣好吃的話.....
離譜的是價格漲了，料也變少了，飯糰飯是爛爛的，餡料放的很省、沒料（我還加了蛋）...更不可思議的是，店員說豆漿不熱，所以添了小鍋的豆漿到轉角廚房加熱後才能做鹹豆漿，加熱時又加了水，所以豆漿稀稀的、無味，但是鹽巴下多，所以很鹹，喝了很難受，又沒加肉鬆，也是無味....店員只有兩人，一老男和一女，兩個懶散。今天吳家難纏，我們把它歸因於這兩人，下次看到他們的話就不去了"
 陳彥廷 ,https://www.google.com/maps/contrib/112870326091879101208/reviews?hl=zh-TW,4,True,979,跟其他永和豆漿店比，這家的品項比較少，價格也稍微貴一點，不過口味不錯，現煎的品項均無油耗味。
 Jack Chuang ,https://www.google.com/maps/contrib/115576021952948299437/reviews?hl=zh-TW,5,True,94,在地最愛的早餐店-豆漿+燒餅油條
 Yu-Ling Hsieh ,https://www.google.com/maps/contrib/102159380097884615286/reviews?hl=zh-TW,5,True,34,凌晨三點拯救了我的生命~~鹹豆漿超級濃超好喝~~甜餅，剛剛好的甜度，以前覺得九點多宵夜這麼多選項為什麼來吃豆漿，現在我知道他的珍貴了！謝謝你。
 butter ,https://www.google.com/maps/contrib/112763173756801962740/reviews?hl=zh-TW,1,False,9,環境不衛生，豆漿豆花裡面有蟑螂腳
 張郁政 ,https://www.google.com/maps/contrib/113973624813241413905/reviews?hl=zh-TW,1,False,11,千萬別在阿姨忙時內用，不然光點餐就感覺被當兒子的態度，建議不要再讓阿姨忙不過來了，或者一進門就喊媽也可以
 Epson Chen ,https://www.google.com/maps/contrib/102453033683598512847/reviews?hl=zh-TW,3,True,"1,111",傳統豆漿店
 Nicole Lin ,https://www.google.com/maps/contrib/109262685173448636464/reviews?hl=zh-TW,1,False,12,"以前蠻喜歡吃吳家也很常去吃宵夜
但幾個禮拜沒吃後落差很大
由於疫情關係外帶回家打開看
我不知道櫃檯阿姨多重口味
但一次看到荷包蛋浸泡在醬油膏裡面
我平常是沒有喝醬油膏的習慣
漲價其實是正常的
為什麼米漿的量減少這麼多？
之前的阿姨會裝滿杯

雖然我不知道阿姨
是不是一大早不順心

為什麼講話時口氣要這麼兇這麼不耐煩？
如果是排隊很長你們很忙客人都能體諒
但現場加上我就三個人
之前大排長龍也不至於這麼不耐煩

而外帶餐做好丟在桌上
原來客人需要讀心術知道哪一個是自己的

真的很謝謝這麼毫不遮掩的服務"
 艾小金 ,https://www.google.com/maps/contrib/116697291528533350333/reviews?hl=zh-TW,1,False,11,"今天早上買了蛋餅要給小孩吃、飯糰自己吃！
煎台阿姨問我要不要加醬，我直覺的回：要加在哪？

櫃檯阿姨輕視的笑著重覆我說的話：呵呵要加在哪！

拜託一下阿姨，是誰規定蛋餅一定要加醬阿？
誰又規定飯糰不能加醬了？"
 伊莎城堡 ,https://www.google.com/maps/contrib/110431354185238120832/reviews?hl=zh-TW,5,True,130,豆漿濃純香，糖餅好吃
 John Huang ,https://www.google.com/maps/contrib/113665517773954660102/reviews?hl=zh-TW,1,False,1,1/15凌晨三點多想吃個宵夜，剛要開口點餐就被態度很差的說你可以等一下嗎，又看到別人餐點出餐被用丟的在桌上，我想我不會再來下一次了（而且其中一個阿姨不戴口罩還狂咳嗽）
 Rock ,https://www.google.com/maps/contrib/108560596605121699107/reviews?hl=zh-TW,5,True,31,"最愛吃這邊的鹹豆漿加蛋
雖然這邊的價格小小高
但是值得
這種半夜還有好吃的東西吃真的是跟開心的一件事"
 Jaclyn Chen ,https://www.google.com/maps/contrib/111928158289732981112/reviews?hl=zh-TW,4,True,144,熊貓外帶幾次，蠻喜歡豬肉蛋餅但最近一次感覺沒有之前好吃，不太穩價格偏高。先生大多點燒餅還滿愛，蘿蔔糕也不賴。也點過芋頭酥餅，但有意料之外的麻糬可惜不是我的菜。
 李大偉 ,https://www.google.com/maps/contrib/115871699191648796222/reviews?hl=zh-TW,5,True,645,好吃😋，室內不熱😁，油煙味沒那麼重👍
 何守樺 ,https://www.google.com/maps/contrib/108053078222088075397/reviews?hl=zh-TW,5,True,31,"方便購買～24小時營業
讓住在天母區的居民，深夜可以找到宵夜的好去處！"
 poppingcool ,https://www.google.com/maps/contrib/106996374283297703678/reviews?hl=zh-TW,2,True,45,"點了一個豬排蛋餅加蔥蛋，櫃檯很疑惑的看我說蛤？然後皺眉頭的說豬排蛋餅再另外加蔥蛋就對了是不是？
啊你們菜單上面有豬排蛋餅跟蔥蛋，我這樣點餐有必要愣住嗎？我又不是點你菜單上沒有的。
口味普通、菜單上的項目不多，大概比現場員工還多一點而已。"
 Jia-Ren Chiu ,https://www.google.com/maps/contrib/115552852076585550553/reviews?hl=zh-TW,3,False,85,以前很好吃，近來有退步感覺
 NoazZarkノアザク ,https://www.google.com/maps/contrib/117987101760388205277/reviews?hl=zh-TW,1,True,27,實在沒東西吃才會來這裡
 even chiang ,https://www.google.com/maps/contrib/107750990426646888524/reviews?hl=zh-TW,4,True,373,"最喜歡吃他們的鹹豆漿($30)+小籠湯包la($90)
好吃又夠飽
燒餅夾蛋30"
 Tiffany Huang ,https://www.google.com/maps/contrib/103399702290914504517/reviews?hl=zh-TW,2,True,206,"豬排蛋餅47培根蛋餅42也沒有特別好吃
豆漿普通但很大碗
唯一優點是半夜也吃得到早餐"
 樂業 ,https://www.google.com/maps/contrib/112999139849878679701/reviews?hl=zh-TW,5,True,157,"豆漿真香醇回味無窮超級好吃！
唯一的缺點蒼蠅多了一點.....盼能改進！"
 陳馨怡 ,https://www.google.com/maps/contrib/100235847597895141324/reviews?hl=zh-TW,5,False,1,環境乾淨、餐點美味，尤其是豆漿香濃好喝，燒餅油條也很好吃😋
 Robert Wang ,https://www.google.com/maps/contrib/113539617276633488344/reviews?hl=zh-TW,5,False,54,常來過，小籠包很好吃，工作人員也友善。各位鄉親中低價位就別要求是五星級服務。
 曾玉蓮 ,https://www.google.com/maps/contrib/112094181226866404918/reviews?hl=zh-TW,1,False,9,服務態度不佳，點完餐後米漿都快喝完了，餐點遲遲未好，看其他客人餐點都到了！上前詢問，得知忘了做…
 xiaorong li ,https://www.google.com/maps/contrib/110013149864711144928/reviews?hl=zh-TW,1,False,1,服務態度超級爛，送餐直接用丟的。還給客人白眼。明明人不多，客人點餐假裝聽不見
 德元盧 ,https://www.google.com/maps/contrib/100134488914450419211/reviews?hl=zh-TW,1,True,26,飯糰這樣30元，小又難吃，熱度也不夠，蘿菠餅內陷冰冷無味，真心推薦不要來
 蔡樂天 ,https://www.google.com/maps/contrib/101122647678864827245/reviews?hl=zh-TW,2,True,440,默默的漲價了喔，疫情還漲價。要去買的可以斟酌
 Edward Lin ,https://www.google.com/maps/contrib/117958978554123894273/reviews?hl=zh-TW,4,True,976,"天母地區相當出名的豆漿店，不只有豆漿，米漿，紅茶，還有紅茶豆漿，相當好喝，夏天時也非常解渴！
個人獨愛捲蔥餅加荷包蛋，捲蔥餅外酥內Q軟，胡椒粒和蔥花搭配的恰到好處，加上煎到剛剛好軟嫩的荷包蛋就是絕配，點餐時可以請老闆幫忙將捲蔥餅加熱一下，畢竟現作餅類放涼後外皮會變得較硬，加熱後立馬回復原本的酥脆口感！
再推……現作現烤的燒餅，剛出爐的燒餅，外酥脆內Q嫩還有芝麻的顆粒感如果再搭配荷包蛋，就是一種莫名的幸福感！現代人重輕食，好像很少人再點燒餅油條了，其實吳家無論是豆漿，米漿，紅茶，油條與燒餅及各式餅品都是當天現作現烤，縱使燒餅油條已不是大家的最愛但是箇中滋味依舊相當美味，路過經過可得入內好好品嚐一番！"
 Apple夏妤 ,https://www.google.com/maps/contrib/113749330915704636239/reviews?hl=zh-TW,5,True,135,態度很好
 Chen JiunCheng ,https://www.google.com/maps/contrib/103401727140972493908/reviews?hl=zh-TW,5,True,7,小小的店面，也沒特別的裝潢，可是生意真的很好，我特別愛喝它們的米漿，價格也很合理大杯的也才二十五元，但是有些商品最近也都有所漲價。
 Tori ,https://www.google.com/maps/contrib/114790689387993758648/reviews?hl=zh-TW,2,False,30,"24小時營業，讓不想外食西式輕食的也有中式的選擇，店內環境整潔，但...店員在拿料作飯糰時是沒帶手套也沒用餐具而是用赤裸的手在餡料堆裡直進直出...,這不論是否在疫情期間，都太不衛生。很想支持為數不多24小時的豆漿店，但食安健康還是最重要！"
 cation234 ,https://www.google.com/maps/contrib/117123657339663562490/reviews?hl=zh-TW,1,True,15,東西比別人貴很多就算了，早上櫃檯的服務態度很爛，而且明明都點餐完了，還一直問要不要這個要不要那個。
 呂孟儒 ,https://www.google.com/maps/contrib/106118281606392083356/reviews?hl=zh-TW,3,True,16,味道我覺得非常好，但我進去的15分鐘內，有七個消費者進出，但外帶的基本上沒有實名登記，甚至內用的一名消費者也沒有做登記，店家防疫意識待加強
 黃秉立 ,https://www.google.com/maps/contrib/105814647259908276647/reviews?hl=zh-TW,3,True,20,豆漿有點淡，油條好吃，但是服務態度不佳…
 Gina JHENG ,https://www.google.com/maps/contrib/106262035969765309509/reviews?hl=zh-TW,5,False,11,"蘿蔔糕跟蛋餅好吃～
重點是阿姨很有人情味，雖然話不多，但很暖～～"
 盧大衛（David Lu） ,https://www.google.com/maps/contrib/102819956375676323258/reviews?hl=zh-TW,5,True,222,"跟一般豆漿店差不多
點菜比較慢
你一邊點她們會去做其他事
會搞不懂對方有沒有在聽

但其實他們都記得很勞
很厲害，第一次去不要誤會

然後優點就是半夜有得吃"
 Larry Chen ,https://www.google.com/maps/contrib/117061527517266669257/reviews?hl=zh-TW,3,True,417,價錢稍貴，櫃檯速度有點慢，蛋餅煎到偏乾，味道還算ok
 張春政 ,https://www.google.com/maps/contrib/107029169890196413139/reviews?hl=zh-TW,4,True,120,"1.燒餅配油條好吃。
2.培根蛋餅，蘿蔔糕味道普通
3.溫豆漿味道中規中矩
4.用餐環境中上
5.現金付費"
 Peter Chang ,https://www.google.com/maps/contrib/102760612559813158800/reviews?hl=zh-TW,5,True,24,過年期間仍然孜孜矻矻的24小時營業，單是這點就值得給5顆星。熱豆漿建議糖要先說明減半，不然真的過甜。
 陳淑媛 ,https://www.google.com/maps/contrib/109126603975390927519/reviews?hl=zh-TW,3,True,43,剛開的時候很吸引人，好像都不打烊，也很熱心招呼客人。現在加入一些外地來的服務人員，口頭招呼還在，可是熱忱減少，食物好像也沒那麼吸引人了！
 Luminous K ,https://www.google.com/maps/contrib/107166188327198048165/reviews?hl=zh-TW,2,False,3,服務態度有夠差，點了一個蛋餅，看到他打蛋時加了一堆蔥進去我嚇一跳，趕快跟他說不要加蔥，老先生還轉頭罵我已經加了幹嘛不先講，問題是菜單上面也沒有說不加蔥要先說，我本身並不是常客，平常買早餐店的蛋餅也不會有人加蔥（又不是蔥抓餅）直接用責怪的態度指責新客人真的讓人觀感很差，結帳時的阿姨用很不友善的表情皺眉頭問我「你吃什麼？」好像我欠她兩百萬一樣，整個體驗超不友善的，不明白是他們自己心情不好發洩在客人身上還是怎麼樣，如果是大半夜還情有可原，但我明明是晚上八點多客人也很少還遇到這種態度，不會再光顧了莫名其妙。
 Leo Lee ,https://www.google.com/maps/contrib/115891901225355021812/reviews?hl=zh-TW,2,True,143,去了大概5次左右，前幾次都覺得很美味，蛋餅也很驚艷。最近一次，櫃檯態度很差，飯糰的飯變得超軟爛噁心（以前是Q軟又粒粒分明），蛋餅變得很難吃（推測老伯伯煎的才會好吃，其他人就碰運氣），然後鮪魚蛋餅的腥味很重，昨晚宵夜不信邪的吃完了，今天早上拉肚子。
 嚕卡斯（Lukas） ,https://www.google.com/maps/contrib/110205881096830103122/reviews?hl=zh-TW,1,True,246,"2020以前的味道還不錯
時隔將近兩年再去吃一次
真的是又貴又難吃
失望🥲"
 許玉琪 ,https://www.google.com/maps/contrib/100473180649613308245/reviews?hl=zh-TW,4,True,40,"燒餅很推，脆又香，目前還沒有踩過雷的店
永遠人都很多
如果內用區跟店面再明亮乾淨點會更優"
 王金強 ,https://www.google.com/maps/contrib/110940233626493540541/reviews?hl=zh-TW,5,True,294,早上運動回頭經過了吳家豆漿店，偶而會買中式早餐，這是附近早上唯一賣燒餅油條店，還不錯的，讚。
 Wu Yawen ,https://www.google.com/maps/contrib/103903943524372865718/reviews?hl=zh-TW,3,True,510,中規中矩，東西不算太貴。
 lung cheng Chen ,https://www.google.com/maps/contrib/111354426200225509824/reviews?hl=zh-TW,5,True,65,口味好，美食，贊👍。
 Maki Wang ,https://www.google.com/maps/contrib/117875687828415256241/reviews?hl=zh-TW,5,False,7,鹹豆漿超好吃的
 謝玉米 ,https://www.google.com/maps/contrib/101440009928539258457/reviews?hl=zh-TW,2,True,287,記得以前在芝山捷運站附近時候蠻好吃的，但搬家後~不太喜歡，員工有些隨性又有點看心情。餐具、醬料快用盡也不會馬上補上，用餐環境雖然明亮，但桌面、地板黏黏髒髒的(時不時還有小飛蟲)。雖然是小吃店沒錯，但這些是我個人觀感。
 郭妮妮 ,https://www.google.com/maps/contrib/110090056811088464028/reviews?hl=zh-TW,1,False,27,"早上的櫃檯阿嬤態度真的很差耶
戴條金項鍊跟客人點個餐不知道兇幾點的
東西也沒有很好吃啊🙄️"
 Cindy Hsieh ,https://www.google.com/maps/contrib/104262661232196572597/reviews?hl=zh-TW,1,True,28,飯糰裡的肉鬆掉到制服上，然後我的制服染色了
 王為寧 ,https://www.google.com/maps/contrib/105822693722177893330/reviews?hl=zh-TW,2,True,49,點了外帶蛋餅、蘿蔔糕、荷包蛋，服務員問我蛋黃要生還是熟，我說要熟。怪了，回到家看到的是蘿蔔糕泡在蛋黃液裡......
 Umehara Bunrei ,https://www.google.com/maps/contrib/114732723247154895023/reviews?hl=zh-TW,5,True,31,"最愛起司蛋餅＋飯糰＋鹹豆漿。

但今天點了混漿。

24小時就是讚！！

早餐、點心、宵夜，任何時候都可以享用它！！！"
 遍遊各地 ,https://www.google.com/maps/contrib/102847230833293362418/reviews?hl=zh-TW,4,True,329,豆漿好喝油條並不好吃
 詹明憲 ,https://www.google.com/maps/contrib/116231827242934222931/reviews?hl=zh-TW,5,True,79,"在地人的比較：
店家的豆漿，對比鄰近士東路的某中式早餐店的豆漿，
吳家的口感和濃度，絕對完勝，值得你來品嚐。
ps:路口轉個小彎，走個幾步，還有你不妨一試的葱油餅和饅頭。"
 Hsin-Ju Chuang ,https://www.google.com/maps/contrib/116589017921642068540/reviews?hl=zh-TW,1,False,14,啊你飯糰有沒有記得加肉鬆啊有沒有記得加飯啊
 林美紅 ,https://www.google.com/maps/contrib/116653713217819274640/reviews?hl=zh-TW,3,True,23,因為是在天母，所以單價偏高了點，燒餅油條好好吃，韮菜盒好吃，芝麻餅，糖餅，芋頭酥普通，服務態度不佳
 陳鶴松 ,https://www.google.com/maps/contrib/106087715207135218229/reviews?hl=zh-TW,4,True,112,價格親民東西好吃
 Primadonna K ,https://www.google.com/maps/contrib/115032575713466250142/reviews?hl=zh-TW,4,True,94,平價宵夜的好去處
 Ant ,https://www.google.com/maps/contrib/116747401587008676340/reviews?hl=zh-TW,1,False,4,服務態度不好，人才幾個就要一直排隊，老店了不起嗎？
 B C ,https://www.google.com/maps/contrib/113785231167617184632/reviews?hl=zh-TW,4,True,314,芋頭酥餅紅豆酥餅燒餅油條都不錯
 楊雲生 ,https://www.google.com/maps/contrib/117621844366912377090/reviews?hl=zh-TW,4,True,82,是一家老店鹹豆漿不會非常的鹹豆漿也非常的濃燒餅不會跟有些燒餅一邊咬一邊用拉的店內點心都不錯無法一樣一樣的說去點內吃過了就知道了地址是在台北市中山北路克強路口
 廖芸萱 ,https://www.google.com/maps/contrib/115626522556917020176/reviews?hl=zh-TW,1,False,1,買了清漿不到半小時要拆開喝的時候完全結塊變豆花拿去跟店家反應店員態度還很差叫我丟地上
 Cindy Huang ,https://www.google.com/maps/contrib/107422415392778887606/reviews?hl=zh-TW,3,True,57,"據說有名？！
燒餅真的還好而已，沒有至誠豆漿坊現做的好吃；鹹豆漿口味OK！"
 Kent Ma ,https://www.google.com/maps/contrib/117670113311169207526/reviews?hl=zh-TW,4,True,"1,762",在天母地區很方便，味道不錯的二十四小時早餐店，飯糰蛋餅都還算是不錯。不過湯包真的不太行。
 Keyona ,https://www.google.com/maps/contrib/107455051139814538011/reviews?hl=zh-TW,1,False,8,給你一顆星都太多啦，如果你想受氣歡迎來這，態度有夠差勁，是更年期嗎？還是跟老公失和？阿姨你活了一大把年紀應該是這樣對待顧客嗎？不想做不耐煩你可以不用做，沒有人逼你，要賺錢那就態度好一點，我沒欠你，不需要這樣，爛櫃檯，爛煎臺
 莊Aris ,https://www.google.com/maps/contrib/101875571729475931154/reviews?hl=zh-TW,1,False,50,"餐點普普價格偏高
24小時營業想吃就吃的到
辣椒是我愛的味道或許是我給一星的理由吧"
 Shu Chen ,https://www.google.com/maps/contrib/103365174596465683788/reviews?hl=zh-TW,5,True,31,"好久之前在芝山站有分店，現在雖然沒有了，但還是會特別跑到克強街吃！
最愛鹹豆漿了！味道很棒又好吃。"
 楊宸安 ,https://www.google.com/maps/contrib/104348250322831055265/reviews?hl=zh-TW,4,True,235,"天母一家24小時營業的中式早餐店
價格在北市算親民，東西好吃，衛生需要注意一下！"
 Yun Chun Pan ,https://www.google.com/maps/contrib/109538318233573005941/reviews?hl=zh-TW,2,False,4,"吳家豆漿很好吃,但是每次去買經驗都是漏東漏西,不是沒加糖卻加糖,要給筷子卻忘了給,發生率非常的高,主要是店員男男女女自顧自地聊天,小細節卻忽略,對於外帶趕著上班的客人卻造成莫須有的困擾,上班該有快樂的氣氛是每個公司不一樣的文化,但開心過頭卻忘記基本要做的服務...對店家就是一大損失,願你們能提早改進,加油!"
 娃娃許 ,https://www.google.com/maps/contrib/102670295807257534830/reviews?hl=zh-TW,1,True,37,"給一顆星是因為:今天4-5早上帶杯子去買米漿，阿姨倒到杯子外面了，我拿衛生紙擦好，擦好我請她幫我把衛生紙丟掉，這位阿姨皺眉頭還""漬""了我一聲，搞什麼東西？，是你的問題欸，我請你丟你還不爽什麼鬼！真的是很差勁！老闆能教育一下嗎？"
 Mandy ,https://www.google.com/maps/contrib/100831154823503971015/reviews?hl=zh-TW,2,True,41,"剛點完餐跟服務人員確認要無糖豆漿，服務人員超不客氣的說「下次要先說，不然我怎麼知道你要無糖的」
服務人員沒問就算了（店內也沒貼說點豆漿就一定是含糖的）在服務人員還沒從冰箱拿出豆漿的時候就說要無糖的到底哪裡得罪到這家店⋯⋯
下次要買豆漿去全家買就好了，不需要去受氣！"
 呂小姐 ,https://www.google.com/maps/contrib/118306296292849254204/reviews?hl=zh-TW,1,False,12,有次經過看到一個年輕男職員狂咳，沒有口罩、沒有別開臉，面前就是砧板，狂咳一陣子都沒停後，他終於離開那位置要去處理了，這家經過是感覺生意不錯，我沒去過但不會去了，我也是很吃驚週末的8點多9點不是人正多，他們怎麼連假都不假一下啊
 呀正 ,https://www.google.com/maps/contrib/117721900470294624142/reviews?hl=zh-TW,5,False,6,店員積極親切貓貓~
 Johnny Yum ,https://www.google.com/maps/contrib/104443592867395748041/reviews?hl=zh-TW,4,True,167,宵夜好地方，24hrs營業
 伊晴 ,https://www.google.com/maps/contrib/100043267112550815069/reviews?hl=zh-TW,1,False,15,味道不優態度不優環境不優
 Natasha ,https://www.google.com/maps/contrib/106648328540284967016/reviews?hl=zh-TW,5,False,18,帶有微微焦香味的豆漿，脆脆的酥餅，濃郁的蘿蔔糕及熱情的老闆們，在吳家豆漿，小歇一下，很不錯！
 Grace Wang ,https://www.google.com/maps/contrib/113217907631136593849/reviews?hl=zh-TW,4,True,197,中上水準該有的味道燒餅油條不會溫冷的上桌經常光顧的小店
 張至咊（Ian） ,https://www.google.com/maps/contrib/109288222554475353021/reviews?hl=zh-TW,5,True,68,"豆漿很好喝，每次從新竹來必買。
老闆很用心，會創新求變。
之前經過好像還有看到有""白菜水餃""?
這個下次再來吃看看。"
 張朝同 ,https://www.google.com/maps/contrib/104298981752267900775/reviews?hl=zh-TW,2,True,40,口味一般，偶而路過時會購買，因為已經好幾次吃完以後拉肚子，只好改買別家豆漿店，希望店家能夠多在衛生上面把關
 LanJiun YU ,https://www.google.com/maps/contrib/111821266766400187747/reviews?hl=zh-TW,5,True,116,"燒餅熱的好吃，冷掉就不好吃。
老闆很熱心，知道我相機掉了，提醒我去警局掛失物，還分享攝影作品給我看。"
 amanda ku ,https://www.google.com/maps/contrib/105241998911468589622/reviews?hl=zh-TW,5,True,28,"點2個餐，問了8次才弄懂
要喝紅茶豆漿-老闆說只有紅茶的甜味喔⋯⋯
那不然不要放在菜單裡嘛
但是～東西還真不錯吃耶"
 38A李大瑜 ,https://www.google.com/maps/contrib/106565190302252374467/reviews?hl=zh-TW,4,True,288,"豆餅+油條超棒der。
跟一般豆漿油條店最大的不同的地方就是，
室內裝潢乾淨整潔，不向其他那由看起來感覺油膩膩的。

當然，或許不應該要求員工都可以親切一些，
多展現一些熱忱，但感覺，這應該是一種文化，
一種好的文化就值得被擴展!!!"
 en z ,https://www.google.com/maps/contrib/104250788258090584447/reviews?hl=zh-TW,4,True,72,豆漿可以調糖度，蛋餅算有口感，水餃是用蒸的皮Q餡飽滿蠻不錯的
 Li Shen ,https://www.google.com/maps/contrib/108780064323816846140/reviews?hl=zh-TW,4,True,64,蛋餅好吃😋。鹹豆漿也不錯。
 Meilsha Yang ,https://www.google.com/maps/contrib/100798250978651860849/reviews?hl=zh-TW,4,True,41,"豆漿真不錯(不會稠，甜度還算剛好，也沒焦味，有的會)，裝潢也乾淨
～自一開始下午到附近做檢查後
幾乎都會點咧♡♡"
 B A ,https://www.google.com/maps/contrib/100840434236730090823/reviews?hl=zh-TW,1,True,84,櫃檯那女的不知道在暴躁什麼，亂吼叫，被吼的客人真可憐，下次不會再來了，每次都來受氣！有人欠妳嗎？去找妳的債主好嗎？
 王志倫 ,https://www.google.com/maps/contrib/105260798345569655928/reviews?hl=zh-TW,2,True,193,價格偏高，沒什麼比較特殊的，包子一個30元，太貴了，米漿也太裯了。
 L CC ,https://www.google.com/maps/contrib/117687756885030970252/reviews?hl=zh-TW,2,True,56,東西量少偏貴
 陳振家 ,https://www.google.com/maps/contrib/118345999346512541766/reviews?hl=zh-TW,4,True,36,天母地區24小時的豆漿店，對早起運動及路跑的人很方便，東西不錯吃，因為被惡意電話訂單欺騙過，不接受電話點餐，只能到現場訂餐，座位約14個，沒有廁所，停車位要暫停紅線
 海倫Helen HR ,https://www.google.com/maps/contrib/102597078613860173302/reviews?hl=zh-TW,1,True,596,吃個蘿蔔絲餅吃到一整根橡皮筋，一顆星都不想給，店家也只是退錢感覺也沒多不好意思。油條吃起來過軟且不香，其他就普普
 Trouble Maker無理取鬧大學森 ,https://www.google.com/maps/contrib/102677936107925996573/reviews?hl=zh-TW,5,True,31,東西還算平價好吃，飲料推豆漿紅茶，吃的推蛋餅
 張菁 振昌 ,https://www.google.com/maps/contrib/100941094378497675740/reviews?hl=zh-TW,5,True,7,位於台北市中山北路六七段那邊因為我住桃園不過他的豆漿濃純是我喝過很好喝其中的一家更甚的是他的鹹豆漿是我喝過最好喝的濃純滑我給他90分的評價
 何永成 ,https://www.google.com/maps/contrib/107784028868825047831/reviews?hl=zh-TW,2,True,156,吃了燒餅油條，以老字號店家而言，完全沒有令人心動的感覺，臺灣的向下沉淪，由此已不言可喻．
 Rosux LIN ,https://www.google.com/maps/contrib/109465365029094240398/reviews?hl=zh-TW,3,True,375,"整體價格偏高沒特色，醬油很死鹹
飲品不知是水太多還是粉泡的，不推"
 Ivory Wen-Chi Wu ,https://www.google.com/maps/contrib/114603760628793754659/reviews?hl=zh-TW,1,False,4,燒餅油條的油條有油耗味且非常軟、不酥脆;湯包完全沒有湯汁且皮有些軟爛;不會再回購。
 Shih-Shiang Liao ,https://www.google.com/maps/contrib/109211317722073136366/reviews?hl=zh-TW,5,True,680,24小時營業的豆漿早餐店，價格雖然有點偏高，但可以隨時吃到美味的燒餅也很值得。
 K Y ,https://www.google.com/maps/contrib/106083828406471542302/reviews?hl=zh-TW,2,False,175,今天中午左右客人不多，點完餐後發現桌子油膩膩，滿地狼藉（24小時營業！！不打掃的嗎？影響食慾）醬料都是小飛蠅，雖然東西好吃（飯糰、蘿蔔糕）但是環境乾淨真的很重要！
 夜璃蝶 ,https://www.google.com/maps/contrib/112130113688739004593/reviews?hl=zh-TW,4,True,24,"豆漿紅茶還不錯
24小時營業隨時想解饞都可以的店

只是有個員工感覺都不太想理人講話也蠻小聲的"
 Brian Shen ,https://www.google.com/maps/contrib/107293766074085798708/reviews?hl=zh-TW,3,True,35,"鐵板麵吃到塑膠膜
不過這家是天母少數宵夜選擇"
 Sweetie Tsai ,https://www.google.com/maps/contrib/109625537971470009841/reviews?hl=zh-TW,4,True,129,飯糰大小剛好可一口一口優雅的咬，有蝦米香，很好吃。辣油很香。豆漿香醇甜度剛好。
 吳文賢 ,https://www.google.com/maps/contrib/112147537446243568020/reviews?hl=zh-TW,5,True,"2,305",不是在下開的🤭歡迎您滴光臨😎
 Frank Huang ,https://www.google.com/maps/contrib/118213927608918229357/reviews?hl=zh-TW,1,False,4,服務態度極差，點餐只有兩三個人，餐還記不住又亂送餐⋯傻眼！東西超貴又很普通就算了，餐送來還把我醬油弄到就走了，有夠誇張。
 Hobee ,https://www.google.com/maps/contrib/106374887779888849877/reviews?hl=zh-TW,5,True,56,店家乾淨，東西好吃
 Amber Chen ,https://www.google.com/maps/contrib/109457751633863499253/reviews?hl=zh-TW,1,True,98,貼了禁菸門卻大開，外面吸煙區的菸味一直飄進來，問了店員卻說門沒辦法關起來，菸都飄到食物上了，是相當不舒服的用餐經驗
 陳致道 ,https://www.google.com/maps/contrib/113302511978699490944/reviews?hl=zh-TW,5,True,37,每次我經過就算是再忙我總會進來吃一籠小籠包，雖然會因為現蒸，而等上10分鐘，但每當我吃到這麼好吃的小籠包內心還是覺得值得。
 Lin蝶蝶 ,https://www.google.com/maps/contrib/113189191735614874799/reviews?hl=zh-TW,1,False,10,態度超差！不用多說
 Jasper Lai ,https://www.google.com/maps/contrib/112268649464376780472/reviews?hl=zh-TW,4,False,8,"價格有點偏高，但不錯吃。
推薦它的豆漿(最好喝熱的，可看到一些豆皮)，蛋餅(沾一點辣椒醬)。"
 Christine liu ,https://www.google.com/maps/contrib/111261843295821578601/reviews?hl=zh-TW,5,True,46,很優質的早餐店，服務人員也都很熱情。
 Brian Huang (將軍) ,https://www.google.com/maps/contrib/114415362530471114401/reviews?hl=zh-TW,2,True,56,"煎檯大姐用手捏完生豬排，
沒洗手直接接觸熟食，
經反應以後有重做，
希望以後不要再發生了。"
 陳光華（黑Sir） ,https://www.google.com/maps/contrib/112404085413394418093/reviews?hl=zh-TW,3,True,184,豆漿很濃哦。燒餅油條要現吃才良好，不錯吃/下次可以再來，來四吃了耶
 Yurong Y ,https://www.google.com/maps/contrib/110303295979907477252/reviews?hl=zh-TW,3,True,195,口味不錯的24小時中式早餐店，有麵有蛋餅，但價格稍高。是宵夜的選擇之一，人潮也不少。
 shiang ao ,https://www.google.com/maps/contrib/104279477005230265953/reviews?hl=zh-TW,2,True,572,飯糰大概有3/4都是油條，且飯硬。燒餅不酥也不香也是韌，只有蛋餅吃完還可以。
 steven hou ,https://www.google.com/maps/contrib/105083620194994353355/reviews?hl=zh-TW,1,False,6,每次點餐每次都給錯，不是少加蛋就是少加辣，櫃臺大姐服務態度差記憶差，點飯糰不要菜脯每次都還是加，重點還都不會不好意思，辛苦後面的人要一直重做
 Haji ,https://www.google.com/maps/contrib/113408381767091887146/reviews?hl=zh-TW,3,True,203,豆漿不錯其他東西普
 Kuanyin Lien ,https://www.google.com/maps/contrib/111627708235262574943/reviews?hl=zh-TW,5,True,135,從陽明山上泡完溫泉下來，喝碗熱熱的米漿，真是再適合不過了！而且24小時，真的很讚！
 Jerry Nacho ,https://www.google.com/maps/contrib/111039424497153246171/reviews?hl=zh-TW,3,True,93,"說真的，東西不難吃
鹹豆漿配辣油非常好吃
但環境堪憂⋯
強哥時不時就會出來關心一下"
 楊于稹 ,https://www.google.com/maps/contrib/118347253673006931588/reviews?hl=zh-TW,1,False,3,5/20點餐的阿姨沒戴口罩，告知後態度不佳，衛生堪憂
 萁 ,https://www.google.com/maps/contrib/107979879197400069314/reviews?hl=zh-TW,4,True,62,24小時營業真的很方便；飯糰好吃，但份量偏小；炒鐵板麵很好吃，但等待的時間比較久，算是比較可惜的地方。
 Frank SHIEH ,https://www.google.com/maps/contrib/109374052703238687705/reviews?hl=zh-TW,3,True,121,口味平平，但是營業時間很長，所以在不是用餐時間想去吃個點心或是晚上吃宵夜都很方便。
 chunglin ,https://www.google.com/maps/contrib/103551730422783408865/reviews?hl=zh-TW,1,True,87,蟑螂滿地爬滿天飛，都飛到煎台了，服務人員說剛消毒所以正常所以沒辦法處理，扯爆
 William Yang ,https://www.google.com/maps/contrib/113150692575471808657/reviews?hl=zh-TW,1,True,251,除了24小時和獨特的辣醬之外，實在沒有優點，貴就算了，量又少、質又低，深夜不知道要吃什麼，住附近又懶得跑的話再來，不然會後悔。
 季吉利 ,https://www.google.com/maps/contrib/110239514533267880321/reviews?hl=zh-TW,1,False,8,"櫃檯店員沒戴口罩我就受不了了⋯
服務態度更是奇葩"
 Jason Jason ,https://www.google.com/maps/contrib/101160356654059121749/reviews?hl=zh-TW,5,False,13,讚啦好好吃早班的阿姨人超好
 江風（Yu Shu Huang） ,https://www.google.com/maps/contrib/117292705022667257373/reviews?hl=zh-TW,5,True,39,"這地區除了便利商店以外，少數的宵夜去處，全天候開業十分方便。
個人很喜歡他的豆漿。"
 郭建興 ,https://www.google.com/maps/contrib/116219174960008881028/reviews?hl=zh-TW,3,True,107,豆漿還是一樣好吃，任何時候他們都為您服務
 鍾宗原 ,https://www.google.com/maps/contrib/114486698055323091827/reviews?hl=zh-TW,3,True,67,一家不錯的小吃店。最愛，是鹹豆漿與油條，店裡還備有其他的北方小吃，如牛肉麵、水餃、酸辣湯、小籠湯包等等。
 Shenghui Lin ,https://www.google.com/maps/contrib/104751026635684587860/reviews?hl=zh-TW,4,True,289,位在士林區中山北路及克強路口，不僅是在地人填飽肚子的地方，更是路過遊客休息飲茶的中途站。
 CS Pu ,https://www.google.com/maps/contrib/106999547011066649984/reviews?hl=zh-TW,2,False,38,"燒餅油條味如嚼蠟,荷包蛋不成型,蛋餅勉可入口,惟鹹漿尚有一定水準"
 鄭羽琇 ,https://www.google.com/maps/contrib/109743321265949479192/reviews?hl=zh-TW,1,False,2,找錢用丟的！態度超級差
 Chuen jiang ,https://www.google.com/maps/contrib/116405721387460360122/reviews?hl=zh-TW,3,True,69,有一些東西很好吃，單價又低，服務佳。
 裴怡萱 ,https://www.google.com/maps/contrib/102800019069389209033/reviews?hl=zh-TW,1,False,31,態度超差，大概是因為附近小黃跟工人會來吃，所以生意好就不在乎態度了
 張嘉容 ,https://www.google.com/maps/contrib/107333653789393085955/reviews?hl=zh-TW,4,True,631,好吃的豆漿店，品項很多，還有麵食，蒸餃，口味佳，價錢公道，態度親切。
 Chun Eric ,https://www.google.com/maps/contrib/110740827966624846665/reviews?hl=zh-TW,4,True,816,吃了一份饅頭蛋+大杯豆漿，53塊錢，我覺得算貴，但考量在天母地段，只好接受。
 趙睿宇 ,https://www.google.com/maps/contrib/109259787110388838536/reviews?hl=zh-TW,1,False,4,燒餅硬到靠北
 G.H. Fan ,https://www.google.com/maps/contrib/116333804752837613955/reviews?hl=zh-TW,3,True,148,小籠包95價位蠻高的食材還不錯半夜有營業
 梁君鴻 ,https://www.google.com/maps/contrib/108413251364469644043/reviews?hl=zh-TW,5,False,4,天母宵夜的好去處，店員雖然不苟言笑，不過東西好吃
 周子傑 ,https://www.google.com/maps/contrib/112096043542596323834/reviews?hl=zh-TW,5,True,88,天母地區凌晨超過兩點後消夜的唯一選擇吧，東西不貴也還不錯吃
 GuoWei Yeh ,https://www.google.com/maps/contrib/110000221896245444337/reviews?hl=zh-TW,5,True,154,吃來吃去還是覺得這裡的鹹豆漿最好吃，但是一定要加辣哦！
 Elica ,https://www.google.com/maps/contrib/117189056458729587966/reviews?hl=zh-TW,3,True,191,"還行唄
但最近有點難吃
然後收銀阿姨好像中男輕女
店員常常吵架"
 朱曉正 ,https://www.google.com/maps/contrib/108818520817772484176/reviews?hl=zh-TW,3,True,152,24小時早點供應，油條酥而不油，燒餅軟硬適中，豆漿燙口
 金承堯 ,https://www.google.com/maps/contrib/104725429496847708779/reviews?hl=zh-TW,4,True,341,燒餅油條豆漿很實在，地點很好，住附近，晚上有時間的可以去吃宵夜
 Eason Chen ,https://www.google.com/maps/contrib/102005784865306110380/reviews?hl=zh-TW,3,True,63,飯糰有點小顆，蛋餅普普通通，不會特別想去
 吳愷愷 ,https://www.google.com/maps/contrib/107888752319133990994/reviews?hl=zh-TW,5,True,74,超喜歡吃他們鹹豆漿再加個韭菜盒或蘿蔔糕，幸福滿點
 Lisa Ho ,https://www.google.com/maps/contrib/111894120295286115311/reviews?hl=zh-TW,4,True,468,推薦無糖豆漿好喝沒有豆腥味其他餐點都算及格再加上24小時營業是沒啥好挑的
 周子欽 ,https://www.google.com/maps/contrib/110013671434767227703/reviews?hl=zh-TW,1,False,4,價錢貴一點，服務人員有時會忽略客人點餐，員工品質待加強
 榻榻米 ,https://www.google.com/maps/contrib/113814260051167608600/reviews?hl=zh-TW,2,True,146,培根蛋餅要42塊，份量卻很普通，味道更是普通之下，不知道在貴什麼
 Ilice Happy ,https://www.google.com/maps/contrib/115672821229516803313/reviews?hl=zh-TW,3,True,395,"24小時營業蛋餅soso
應該是油條比較有名
因為他炸了很多油條"
 陳柏諺 ,https://www.google.com/maps/contrib/103499059106312560348/reviews?hl=zh-TW,1,True,37,服務態度差，口頭叫餐不要出錯，免得被店家冷嘲熱諷，如果不想壞了心情建議吃別家。
 Bryan ,https://www.google.com/maps/contrib/101708528343728331740/reviews?hl=zh-TW,1,True,230,"要6杯內用，給了外帶
要熱豆漿，給了溫到快涼的
不算好吃，只是不算難吃"
 廖韶瑛 ,https://www.google.com/maps/contrib/102794227602086148095/reviews?hl=zh-TW,3,False,21,24小時很不錯，但上次來蟑螂到處逛大街有點嚇到
 Yuchao Su ,https://www.google.com/maps/contrib/101894141901362327545/reviews?hl=zh-TW,4,True,274,以豆漿等小吃來說貴了點，不過地點不錯，想吃還是會來。
 Stephen Lee ,https://www.google.com/maps/contrib/100029636367680757309/reviews?hl=zh-TW,2,True,81,味道可以。但是看起來有點不衞生。
 YP L ,https://www.google.com/maps/contrib/103520894586696937496/reviews?hl=zh-TW,3,True,155,24小時營業的中式早餐店，口味普通，價格偏高，部份品項現點現做
 米几 ,https://www.google.com/maps/contrib/105222414468310965335/reviews?hl=zh-TW,4,True,193,豆漿濃郁燒餅油條酥脆飯糰普通
 環島觀光旅遊導覽 ,https://www.google.com/maps/contrib/108289280404860415209/reviews?hl=zh-TW,5,True,35,店內用餐環境佳，很乾淨!
 Lai Sam ,https://www.google.com/maps/contrib/105072554414759163156/reviews?hl=zh-TW,5,True,311,食材新鮮豆漿沒有亂加別的放冰箱也幾天就變了喝的很安心
 Ysm Jeff ,https://www.google.com/maps/contrib/115056087093295223273/reviews?hl=zh-TW,4,True,329,熱清漿好喝，如果剛好有豆皮的話，還可以嚐到剛剛形成的新鮮豆皮
 Angela ,https://www.google.com/maps/contrib/102150291921903526934/reviews?hl=zh-TW,3,True,104,"吃起來很普通的食物
但是價錢很貴
優點可能就24小時"
 詹羽 ,https://www.google.com/maps/contrib/107768290543640015501/reviews?hl=zh-TW,4,True,80,"東西有點貴，但是營業到很晚
湯包看起來很好吃但是沒吃"
 Brian Chiu ,https://www.google.com/maps/contrib/102536055082246100184/reviews?hl=zh-TW,3,True,161,24小時的早餐店。豆漿好喝，味道家常。但如果你太要求服務的話，這裡可能不適合你了。
 Bob Chang ,https://www.google.com/maps/contrib/113500865666293229126/reviews?hl=zh-TW,3,True,245,囗味－般，價錢合理，但位在中山北路旁，很方便臨停取貨。
 鍾宗原 ,https://www.google.com/maps/contrib/109595155636222048200/reviews?hl=zh-TW,3,True,50,在天母、克強游泳池一帶很有名，我特別鍾愛這家的油條與鹹豆漿。
 Ou Pandora ,https://www.google.com/maps/contrib/116489734326616433042/reviews?hl=zh-TW,5,True,312,24小時營業，褔國路搬過來的傳統早餐。也是老字號有一定的水平。
 Jeff camaya ,https://www.google.com/maps/contrib/101035838890789875775/reviews?hl=zh-TW,5,False,1,蛋餅皮煎的脆脆的很好吃😋
 Ni Ching ,https://www.google.com/maps/contrib/100445859625526015824/reviews?hl=zh-TW,3,True,435,早餐速度很快，個人覺得饅頭蠻不錯的，不過上次吃鐵板麵吃到剛刷絲。
 KT yyy ,https://www.google.com/maps/contrib/113478328616937314265/reviews?hl=zh-TW,1,False,4,老闆態度有夠差好像欠他一樣
 伊和悅 ,https://www.google.com/maps/contrib/116011621147357565485/reviews?hl=zh-TW,2,True,16,餐點以早餐店的價格算不便宜，但品質和分量沒有符合價錢。
 Carina ,https://www.google.com/maps/contrib/116437885199669514190/reviews?hl=zh-TW,4,True,239,鹹豆漿＋蛋＄45好吃！
 W’E TSENG ,https://www.google.com/maps/contrib/109496476481514474946/reviews?hl=zh-TW,5,True,29,樣樣都好吃，來天母必吃的宵夜場
 焦貞惠 ,https://www.google.com/maps/contrib/113738307972801531254/reviews?hl=zh-TW,4,False,170,燒餅油條好吃不油膩
 Chuan-Ching Wang ,https://www.google.com/maps/contrib/107299268019408513553/reviews?hl=zh-TW,1,True,226,蛋餅煎成焦炭還不承認
 Wang小傑 ,https://www.google.com/maps/contrib/109853792485889976311/reviews?hl=zh-TW,4,True,24,餐點可以，店開很晚適合聊天的好去處
 DWARF ,https://www.google.com/maps/contrib/113092668794018047492/reviews?hl=zh-TW,4,True,142,價格偏貴，但東西還不錯吃。推薦高麗菜蛋餅，糖餅。
 趙偉程 ,https://www.google.com/maps/contrib/105713658909983954716/reviews?hl=zh-TW,3,True,153,一直漲價...東西還過得去，豆漿的浮泡要撈乾淨
 李政雄 ,https://www.google.com/maps/contrib/109794593113589857843/reviews?hl=zh-TW,4,True,269,服務親切，豆漿之外也有乾麵等多種選擇！
 John Wu ,https://www.google.com/maps/contrib/114939730125799540104/reviews?hl=zh-TW,2,True,132,食物品質普普，不過以前用餐環境整理得還可以，現在可是邋遢得很。
 Jcc John ,https://www.google.com/maps/contrib/105671825080697052663/reviews?hl=zh-TW,4,True,64,道地豆漿油條，還有飯糰麵食及韭菜盒，路過充飢適宜。
 Chaojen Hsiao ,https://www.google.com/maps/contrib/106342835502193399378/reviews?hl=zh-TW,4,True,289,口味道地，個人喜愛的韭菜盒加蛋配鹹豆漿
 楊心緹 ,https://www.google.com/maps/contrib/113566032218331546989/reviews?hl=zh-TW,1,False,2,產品不錯，但不耐煩、故意用力放餐點的態度滿差勁的!
 Megan Hsieh ,https://www.google.com/maps/contrib/106442991807770306164/reviews?hl=zh-TW,5,False,10,"湯包和鹹豆漿好吃
老闆娘很客氣，動作很快"
 kung tai ming ,https://www.google.com/maps/contrib/105124110691184110344/reviews?hl=zh-TW,4,True,629,不錯吃的早餐傳統店家，燒餅油條蛋餅飯團豆槳等傳統美味。
 蔡岳諺 ,https://www.google.com/maps/contrib/107924659466346148838/reviews?hl=zh-TW,4,True,83,"四星獻給被你們淘汰的醡醬麵，
少一顆因為你們淘汰了醡醬麵。"
 T Mark ,https://www.google.com/maps/contrib/101467452972426703205/reviews?hl=zh-TW,3,True,221,"這家店的醬料還不錯
價格不因地段好抬高"
 Roger Kao ,https://www.google.com/maps/contrib/104505812412454838247/reviews?hl=zh-TW,1,True,191,這家真的不行🙅環境不衛生員工門口抽煙也隨便亂丟煙蒂
 alexa chen ,https://www.google.com/maps/contrib/101569973161552001888/reviews?hl=zh-TW,5,False,16,"服務態度很好啊，笑呵呵的
飯糰燒餅都不錯"
 Allen Lai ,https://www.google.com/maps/contrib/111918288587820857270/reviews?hl=zh-TW,4,True,"1,478",豆漿超燙，餐點不算便宜，但美味度尚可，店內整潔舒服
 Alan 老張 Chang ,https://www.google.com/maps/contrib/116463165023591645478/reviews?hl=zh-TW,4,True,166,口感不錯，燒餅油條可以嘗到麵香味，包子沒特色。
 你大意了 ,https://www.google.com/maps/contrib/104146638621291319034/reviews?hl=zh-TW,1,False,1,口氣真的是差到極致，從來沒有遇過這樣的店。
 謝大仁 ,https://www.google.com/maps/contrib/112064339172020848962/reviews?hl=zh-TW,3,True,199,24小時，每每北投泡湯完都會來光顧一下。
 Victor Yu ,https://www.google.com/maps/contrib/107282136863696473993/reviews?hl=zh-TW,4,True,212,好吃但偏貴推燒餅油條和飯糰
 Joe Weng ,https://www.google.com/maps/contrib/114192307953375667893/reviews?hl=zh-TW,3,True,235,混漿頗濃厚好喝，其它價位中等品質尚可接受
 陳建銘 ,https://www.google.com/maps/contrib/100840848593210039798/reviews?hl=zh-TW,5,True,37,豆漿又濃又好喝，而且其他的產品也超好吃
 woody kuo ,https://www.google.com/maps/contrib/115338860377769076864/reviews?hl=zh-TW,4,True,71,"豆漿香濃,韭菜盒子好吃。"
 許靖承（圓滑的石頭） ,https://www.google.com/maps/contrib/112808480772937421841/reviews?hl=zh-TW,5,True,82,24小時營業，推薦飯糰蛋或蔬菜蛋餅宵夜早餐好選擇
 nd Lin ,https://www.google.com/maps/contrib/112066728624864367890/reviews?hl=zh-TW,3,True,110,每個地區都需要這樣的24hrs環境整潔食物OK值得信賴豆漿店啊！
 Justin Cheng ,https://www.google.com/maps/contrib/117786788405980135080/reviews?hl=zh-TW,4,True,"1,082",價格略高但品質穩定。重點是24小時營業！
 陳昀聖 ,https://www.google.com/maps/contrib/108006539745292785664/reviews?hl=zh-TW,1,False,6,點了三個蛋餅要醬油膏裡面有半盒都是醬油膏怎麼吃？爛店
 捷森 ,https://www.google.com/maps/contrib/100638787923276654101/reviews?hl=zh-TW,5,True,144,讚宵夜首選
 yifei lin ,https://www.google.com/maps/contrib/103881244415584226602/reviews?hl=zh-TW,4,True,313,營業時間長，種類品項多，很方便
 Lin tzu yang ,https://www.google.com/maps/contrib/106540188465007525464/reviews?hl=zh-TW,3,True,146,天母價位，蛋餅韭菜盒味道普通，豆漿味道不錯
 Cathy Young ,https://www.google.com/maps/contrib/104455328158489586056/reviews?hl=zh-TW,4,True,20,豆漿好喝滿滿原味感，可以無糖，宵夜的好選擇.
 E E ,https://www.google.com/maps/contrib/103901115117296614941/reviews?hl=zh-TW,5,False,288,老闆很貼心。蛋餅好吃，鐵板麵裡面有菜
 sundae ,https://www.google.com/maps/contrib/114624784377259984228/reviews?hl=zh-TW,4,True,500,"泡湯完還有豆漿可以喝太讚了
蛋餅很好吃"
 戴景耀 ,https://www.google.com/maps/contrib/112285252572895058165/reviews?hl=zh-TW,4,True,985,鹹豆漿濃稠好吃，燒餅酥脆可口，值得推薦。
 林政律 ,https://www.google.com/maps/contrib/105452340836444420256/reviews?hl=zh-TW,3,True,35,宵夜算好吃，辣椒最好吃，但環境沒有很優
 梁龍 ,https://www.google.com/maps/contrib/101980624114521790503/reviews?hl=zh-TW,3,False,157,在地天母人，唯一能吃到傳統的，早餐的店
 Grace Liu ,https://www.google.com/maps/contrib/102743119799146242726/reviews?hl=zh-TW,4,True,408,豆漿有豆香，鹹豆漿好喝，老闆娘挺凶的!
 阿凃（Ken Tu） ,https://www.google.com/maps/contrib/110020227914060648887/reviews?hl=zh-TW,5,True,54,半夜有東西吃很棒了
 劉亞琴 ,https://www.google.com/maps/contrib/114259197978248306862/reviews?hl=zh-TW,4,True,250,湯包美味還蠻好吃，加點麻油白醋醬油。
 鄭麗娟 ,https://www.google.com/maps/contrib/102837564376078645406/reviews?hl=zh-TW,5,True,68,豆漿豆花夏季限定，超級無敵好吃
 Hsin-Yun Lu ,https://www.google.com/maps/contrib/106247244382766901483/reviews?hl=zh-TW,5,True,145,"深夜想吃豆漿的好地方
環境衛生一直有在清潔"
 馬志尚 ,https://www.google.com/maps/contrib/113426726019815140955/reviews?hl=zh-TW,5,True,29,豆漿還蠻實在的！服務也是水平之上！讚！
 林映如 ,https://www.google.com/maps/contrib/109806544809169342110/reviews?hl=zh-TW,4,False,"1,136",鹹豆漿好吃服務親切24小時營業很方便
 CT Tina ,https://www.google.com/maps/contrib/106128603706851428772/reviews?hl=zh-TW,1,False,8,服務態度太差，點餐漏東漏西，味道普通，不會想再去。
 LiangHui CHEN ,https://www.google.com/maps/contrib/100077433381838214206/reviews?hl=zh-TW,3,True,310,鹼豆漿不錯吃！燒餅油條也好吃！
 鄭靜筠 ,https://www.google.com/maps/contrib/106968005490766242209/reviews?hl=zh-TW,3,True,5,蒸籠沒洗乾淨布上有臭臭的味道
 張Dennis ,https://www.google.com/maps/contrib/115627151240880891201/reviews?hl=zh-TW,5,True,152,不要去江家黃牛肉麵，那很貴，這很讚。
 Seal Hu ,https://www.google.com/maps/contrib/106391510851515571417/reviews?hl=zh-TW,3,True,504,份量一般，但是口味很適合一般人，吃宵夜的好去處
 Hanson Chou ,https://www.google.com/maps/contrib/109104735933433799867/reviews?hl=zh-TW,4,True,99,價格偏高但食物都不錯，豆漿好喝
 彭康明 ,https://www.google.com/maps/contrib/102943262532903907851/reviews?hl=zh-TW,5,False,13,"東西蠻好吃
蛋餅也很ok"
 Yu Shan Su ,https://www.google.com/maps/contrib/101427060451744730200/reviews?hl=zh-TW,5,True,29,豆漿很濃，燒餅油條好吃，大推薦!
 Poching Chiu ,https://www.google.com/maps/contrib/100947961913609046891/reviews?hl=zh-TW,4,True,771,天母的早餐或是深夜首選，韭菜盒子很好吃
 淡海syuanping ,https://www.google.com/maps/contrib/113886007977608546091/reviews?hl=zh-TW,5,True,112,美味傳統早點還會跟你話家常的店家。
 徐碩鴻 ,https://www.google.com/maps/contrib/111627783965357879139/reviews?hl=zh-TW,4,True,47,看東西，有些價格偏高，口味一般
 高井凛LinTakai ,https://www.google.com/maps/contrib/117326037329981202600/reviews?hl=zh-TW,5,True,175,好吃，不算太貴，選擇多
 Chaochi Yang ,https://www.google.com/maps/contrib/100365122991469004064/reviews?hl=zh-TW,5,True,7,端午節前，排隊排了一個小時
 Victor Chang ,https://www.google.com/maps/contrib/101217539154097860881/reviews?hl=zh-TW,3,True,77,非常普通，也許是因為店租貴，價格也不便宜
 Woodyliu Woodyliu ,https://www.google.com/maps/contrib/107662772062061797924/reviews?hl=zh-TW,5,True,104,天天吃都好吃的蛋餅，韭菜盒，無糖溫豆漿
 Roy Wang ,https://www.google.com/maps/contrib/115821839970722887064/reviews?hl=zh-TW,4,True,357,一般的豆漿店，分量合理，味道不錯，～
 Max Chen ,https://www.google.com/maps/contrib/117617616027497921086/reviews?hl=zh-TW,5,True,114,傳統的美味，絕對是能夠常來的餐廳
 Walker Tan ,https://www.google.com/maps/contrib/100371797116242339277/reviews?hl=zh-TW,4,True,92,地點方便，大眾型小吃，價格合理
 Ray ,https://www.google.com/maps/contrib/100899527112937843032/reviews?hl=zh-TW,3,True,735,"商品配不上售價
吃了一次就畢業"
 Yun-Xuan Wu ,https://www.google.com/maps/contrib/107166670619644924006/reviews?hl=zh-TW,3,True,171,蔬菜蛋餅我覺得還不錯，但豆漿味道還好
 feng Lee ,https://www.google.com/maps/contrib/111910489342928258534/reviews?hl=zh-TW,1,True,199,味道普通，服務態度欠佳。宵夜吃ok
 mm321 poi ,https://www.google.com/maps/contrib/116482562009819516783/reviews?hl=zh-TW,4,True,184,豆漿香濃蛋餅美味
 吳嘉哲 ,https://www.google.com/maps/contrib/113772658575196689923/reviews?hl=zh-TW,5,True,161,蛋餅豆漿真是經典速度很快非常適合早餐或是宵夜
 張麗玉 ,https://www.google.com/maps/contrib/116014489105069515075/reviews?hl=zh-TW,3,True,222,方便的早餐場所。速度很快。可惜豆漿味道愈來愈淡。
 まゆみMaYuMi ,https://www.google.com/maps/contrib/108674452371707431952/reviews?hl=zh-TW,3,True,166,不好吃，但因為24小時所以方便。
 Steve Hsieh (小胖) ,https://www.google.com/maps/contrib/116597847168789360707/reviews?hl=zh-TW,4,True,23,豆漿香濃好喝，蘿蔔糕超級好吃
 法鬥咩咩 ,https://www.google.com/maps/contrib/107311257001970459811/reviews?hl=zh-TW,5,True,37,叫外送放，還不錯吃
 Jamie Chiu ,https://www.google.com/maps/contrib/117288008869995192857/reviews?hl=zh-TW,5,True,50,吃了幾年，好吃品質穩定，店員也親切！
 Yung-Luen Lan ,https://www.google.com/maps/contrib/106740606729527096632/reviews?hl=zh-TW,3,True,96,24hr營業，半夜肚子餓可以來吃的選擇。
 mark lin ,https://www.google.com/maps/contrib/110190161981532173338/reviews?hl=zh-TW,3,True,31,湯包貴又難吃，高麗菜蛋餅還可
 Myers ,https://www.google.com/maps/contrib/107797924193658650622/reviews?hl=zh-TW,3,True,16,價格偏貴東西口感很普通
 林玉娟 ,https://www.google.com/maps/contrib/115401805085524827234/reviews?hl=zh-TW,5,True,85,"荷包蛋，韭菜盒，燒餅等...,都很美味好吃。。"
 Any Liao ,https://www.google.com/maps/contrib/102382454797207668858/reviews?hl=zh-TW,4,True,64,餐點好吃，但點餐過程不太專業
 Tony Su ,https://www.google.com/maps/contrib/108860467770824779664/reviews?hl=zh-TW,4,False,24,晚上吃宵夜的好地方，喜歡他的蛋餅
 李震宇 ,https://www.google.com/maps/contrib/102702048356220029000/reviews?hl=zh-TW,5,False,6,蛋餅很好吃，油條也很酥脆
 Vincent Chang ,https://www.google.com/maps/contrib/109361237101566848639/reviews?hl=zh-TW,5,True,165,推冰豆漿，有小時候的濃甜，好久沒喝到了。
 十尾 ,https://www.google.com/maps/contrib/102993402533244890499/reviews?hl=zh-TW,5,True,130,不論是豆漿或米漿都具有特色且溫潤
 常威打來福 ,https://www.google.com/maps/contrib/100422067601284210693/reviews?hl=zh-TW,4,False,13,宵夜的好去處
 billy ko ,https://www.google.com/maps/contrib/101009304887696245778/reviews?hl=zh-TW,5,True,34,豆漿濃又香，甜度剛剛好
 CB.後天失眠 ,https://www.google.com/maps/contrib/111718499982282194595/reviews?hl=zh-TW,3,True,139,價格偏高
 周惠傑 ,https://www.google.com/maps/contrib/107256685677367293401/reviews?hl=zh-TW,4,True,105,一經過這，就進來用餐，24小時營業哦。
 黃一嘉電影黃奕嘉（AIR） ,https://www.google.com/maps/contrib/110568650619878233451/reviews?hl=zh-TW,3,True,257,變貴，不喜翻
 Ginger ,https://www.google.com/maps/contrib/112176234380308512853/reviews?hl=zh-TW,2,False,2,東西還可以，但服務態度非常不好
 a0222820744 ,https://www.google.com/maps/contrib/117329213020153029992/reviews?hl=zh-TW,3,True,613,"豆漿小杯20元,喝起來一般"
 謝家馨 ,https://www.google.com/maps/contrib/103243338365215830119/reviews?hl=zh-TW,5,True,50,超好吃人也很親切而且便宜
 James Lin ,https://www.google.com/maps/contrib/114779900824948096106/reviews?hl=zh-TW,4,True,145,24小時服務，晚上吃宵夜的好地方！
 謝宏彥 ,https://www.google.com/maps/contrib/108989787506442767870/reviews?hl=zh-TW,3,True,355,二十四小時營業，洗完溫泉去吃東西。
 Zoey Wu ,https://www.google.com/maps/contrib/102192781595408280352/reviews?hl=zh-TW,5,True,56,天母少數的宵夜平價美食，豆漿不錯
 林淑葆 ,https://www.google.com/maps/contrib/103664799995877215054/reviews?hl=zh-TW,5,False,11,無糖豆漿：豆香濃實在令人回味
 曾郁婷 ,https://www.google.com/maps/contrib/109376550977717816584/reviews?hl=zh-TW,5,True,39,豆漿很純，24小時營業很方便
 勝美堅 ,https://www.google.com/maps/contrib/108219576288245965261/reviews?hl=zh-TW,4,True,126,豆漿真的好喝！鐵板麵好吃。
 RS (RS) ,https://www.google.com/maps/contrib/111161384084412832842/reviews?hl=zh-TW,3,True,734,食物普通，價位偏高，服務不佳
 Paul Fu ,https://www.google.com/maps/contrib/101974891009972353162/reviews?hl=zh-TW,5,False,1,超級好吃，一定要來嚐嚐！
 賴敬心 ,https://www.google.com/maps/contrib/101411491375175111351/reviews?hl=zh-TW,4,True,107,很多人買，熱門時段常遇到排隊
 吳冠青 ,https://www.google.com/maps/contrib/114860889487686703101/reviews?hl=zh-TW,5,False,60,豆漿濃醇，燒餅好吃。
 阿布（小達） ,https://www.google.com/maps/contrib/108235226100864181151/reviews?hl=zh-TW,4,True,586,燒餅超好吃，豆漿香
 Chata Yang ,https://www.google.com/maps/contrib/107732739906942005929/reviews?hl=zh-TW,4,True,613,豆漿好喝，餐點CP值高
 d Puff ,https://www.google.com/maps/contrib/105876452362474196677/reviews?hl=zh-TW,4,True,190,豆漿及麵食類食物都十分原味
 鍾恩讚 ,https://www.google.com/maps/contrib/118304593070510637285/reviews?hl=zh-TW,4,True,73,豆漿夠濃，燒餅永遠是熱騰騰的
 Lisandy Tien ,https://www.google.com/maps/contrib/112210991127202820679/reviews?hl=zh-TW,4,False,11,蛋餅現場吃好吃
 丁仕仕 好聽好聽進傳 ,https://www.google.com/maps/contrib/103228689353864109821/reviews?hl=zh-TW,5,False,10,你不錯豆漿很純很好吃
 林立堂 ,https://www.google.com/maps/contrib/100346303525643262349/reviews?hl=zh-TW,5,True,81,價格合理食品還不錯吃
 洪惠泰 ,https://www.google.com/maps/contrib/112823989354130234609/reviews?hl=zh-TW,3,True,183,除了豆漿外，點心少了原味
 Wu Wu ,https://www.google.com/maps/contrib/112899058730112859806/reviews?hl=zh-TW,1,True,184,飯糰世界第一難吃
 陳志亮 ,https://www.google.com/maps/contrib/105397945822160298913/reviews?hl=zh-TW,3,True,62,很好吃，但是有點貴
 Will tsai ,https://www.google.com/maps/contrib/109874916488000062833/reviews?hl=zh-TW,4,True,248,還好，和一般的豆漿店差不多
 Rih-de ,https://www.google.com/maps/contrib/112052383373165262492/reviews?hl=zh-TW,2,True,137,貴，東西普通，服務有待加強
 陳智超 ,https://www.google.com/maps/contrib/114460819224290965473/reviews?hl=zh-TW,3,True,17,還不知道因沒有吃過！
 曾囑咐 ,https://www.google.com/maps/contrib/113165900796622286906/reviews?hl=zh-TW,3,True,143,韮菜盒，蛋餅，米漿，基本上其它的也不錯
 Chou Gavin ,https://www.google.com/maps/contrib/118321852057961409454/reviews?hl=zh-TW,4,True,78,食物還行，服務人員友善。
 歐斯嘉 ,https://www.google.com/maps/contrib/102962244326659650700/reviews?hl=zh-TW,5,True,36,24小時營業想吃隨時可吃
 林慧鳳 ,https://www.google.com/maps/contrib/100324615063780963217/reviews?hl=zh-TW,4,True,160,豆漿濃，燒餅酥還不錯
 Eva ,https://www.google.com/maps/contrib/113958170620101231729/reviews?hl=zh-TW,1,False,21,"服務態度惡劣
衛生差
東西普普"
 Robert Chen ,https://www.google.com/maps/contrib/103500759005621250336/reviews?hl=zh-TW,3,True,28,24小時營業可以快速填飽肚子的地方
 陳飛鴿roger ,https://www.google.com/maps/contrib/118113430284847803447/reviews?hl=zh-TW,4,True,105,都好吃配上自製辣椒更讚
 Max H. ,https://www.google.com/maps/contrib/101172572096851924178/reviews?hl=zh-TW,5,True,43,喜歡濃厚的豆漿味和好吃的蛋餅。
 Jiun-Ming Wu ,https://www.google.com/maps/contrib/105634551973933782992/reviews?hl=zh-TW,4,True,45,品項豐富，口味不錯，速度甚快。
 A小姐 ,https://www.google.com/maps/contrib/108446815165601994118/reviews?hl=zh-TW,2,True,214,服務粗鲁，全天無休，口味尚可。
 SUNG TE ,https://www.google.com/maps/contrib/102202645953303315711/reviews?hl=zh-TW,4,True,11,油條比任一家都好。
 Morgan Hung ,https://www.google.com/maps/contrib/109594078266391736480/reviews?hl=zh-TW,1,False,10,態度超差不想賣可以收一收
 Tom in Rage ,https://www.google.com/maps/contrib/116226622578717483461/reviews?hl=zh-TW,5,False,13,鹹豆漿加蛋加辣很讚
 夜市攤販 ,https://www.google.com/maps/contrib/113362018788456797975/reviews?hl=zh-TW,3,True,47,普普通通，就是一般的台式豆漿店
 Calvin Kung ,https://www.google.com/maps/contrib/114586520104962536564/reviews?hl=zh-TW,1,True,147,就不喜歡店員態度而已……
 張舜傑 ,https://www.google.com/maps/contrib/116793229775184861869/reviews?hl=zh-TW,5,True,67,東西好吃但價格就不美麗
 高偉豪 ,https://www.google.com/maps/contrib/112490934343435969781/reviews?hl=zh-TW,4,True,"2,738",天母地區有名的豆漿，24小時營業
 casey lin ,https://www.google.com/maps/contrib/111001895319870559555/reviews?hl=zh-TW,4,False,22,喜歡這裡的燒餅油條及米漿。
 陳翊齊 ,https://www.google.com/maps/contrib/100739661321729186777/reviews?hl=zh-TW,5,True,37,培根蛋餅不錯吃
 Yw Wang ,https://www.google.com/maps/contrib/109939860559295911787/reviews?hl=zh-TW,5,True,117,東西好吃，老闆很幽默！
 Juno Chou ,https://www.google.com/maps/contrib/106134532073560615420/reviews?hl=zh-TW,2,True,523,中規中矩或許是因為24hr所以也貴貴der
 張德萱 ,https://www.google.com/maps/contrib/109984711543749870003/reviews?hl=zh-TW,1,False,12,服務態度差，口氣好兇
 廖超慶 ,https://www.google.com/maps/contrib/116989643343428092570/reviews?hl=zh-TW,5,True,57,我最喜歡他們家的豆漿
 廖毅鈞 ,https://www.google.com/maps/contrib/102796205196843755997/reviews?hl=zh-TW,4,True,58,小貴但還算能接受
 gene wang ,https://www.google.com/maps/contrib/101373273286128897449/reviews?hl=zh-TW,5,True,19,宵夜好去處豬排蛋餅好吃
 成福 ,https://www.google.com/maps/contrib/110281046457774989726/reviews?hl=zh-TW,4,True,163,豆漿很好喝，其他的就普通
 Elaine ,https://www.google.com/maps/contrib/104622723830001350782/reviews?hl=zh-TW,4,True,261,好吃～店員蠻親切的喔～
 JASON CHEN ,https://www.google.com/maps/contrib/114722316603347617370/reviews?hl=zh-TW,4,True,58,"滿道地的
很有禮貌"
 WANG VICTOR ,https://www.google.com/maps/contrib/107751538580907299733/reviews?hl=zh-TW,4,True,301,天母在地老店，肚子餓的好選擇
 曾振文台北美加牙醫 ,https://www.google.com/maps/contrib/112723643928239382419/reviews?hl=zh-TW,5,False,34,"好吃的早餐店
24小時營業"
 陳錦城 ,https://www.google.com/maps/contrib/101036264519052397267/reviews?hl=zh-TW,5,True,9,燒餅油條90分，來試試，讚!
 伊藤海 ,https://www.google.com/maps/contrib/110206513828012702881/reviews?hl=zh-TW,4,True,12,溫豆漿超好喝的！
 AkenLin Lin ,https://www.google.com/maps/contrib/116637953809535937100/reviews?hl=zh-TW,4,True,189,好吃，尤其是鹹豆漿
 Joseph Tu ,https://www.google.com/maps/contrib/112025119974323056249/reviews?hl=zh-TW,4,True,76,天母區內，口味蠻道地的豆漿店
 Chuang Jimmy ,https://www.google.com/maps/contrib/112654019666627715879/reviews?hl=zh-TW,3,False,531,"很普通
裡面常有老外
豆漿普普"
 陳俊輝 ,https://www.google.com/maps/contrib/110447371228035946891/reviews?hl=zh-TW,4,True,42,食材不錯配自製辣椒，讚!
 Hong-bûn Lâu ,https://www.google.com/maps/contrib/108603586742215614472/reviews?hl=zh-TW,5,True,63,蛋餅跟蘑菇麵好好吃😋
 Adam Liu ,https://www.google.com/maps/contrib/105695651096557852909/reviews?hl=zh-TW,5,False,5,東西好吃高效率！
 Yang Goufang ,https://www.google.com/maps/contrib/108831686621190460709/reviews?hl=zh-TW,3,True,316,味道OK.但給錯餐
 Colette Chou ,https://www.google.com/maps/contrib/113067709427320479222/reviews?hl=zh-TW,4,True,67,豆獎好喝，店乾淨
 Chen Chao Peng ,https://www.google.com/maps/contrib/116851302512547838605/reviews?hl=zh-TW,4,False,15,偏貴，是天母人的宵夜地點。
 黃湘湘 cindy ,https://www.google.com/maps/contrib/113671952189968722693/reviews?hl=zh-TW,5,True,74,"24小時營業
宵夜好去處"
 oe J ,https://www.google.com/maps/contrib/114989944244865948264/reviews?hl=zh-TW,5,True,25,店員親切，東西好吃哦！
 Aron Lai ,https://www.google.com/maps/contrib/104295397044079173163/reviews?hl=zh-TW,4,True,198,自製辣椒很棒，一定要試試
 Andraxus Lai ,https://www.google.com/maps/contrib/114984025993018681265/reviews?hl=zh-TW,1,False,804,"我是客人,不是債權人好嗎?"
 Odon Sarnai ,https://www.google.com/maps/contrib/112731908190356156862/reviews?hl=zh-TW,4,True,"1,803",好吃好喝的傳統早餐店
 viky Jang ,https://www.google.com/maps/contrib/112336635853220521041/reviews?hl=zh-TW,5,True,20,飯糰、蛋餅很好吃
 閎智梁 ,https://www.google.com/maps/contrib/109014756208116521149/reviews?hl=zh-TW,5,True,56,這裡的鹹的鹹豆漿加蛋是經典
 Cheng Chris ,https://www.google.com/maps/contrib/101441609183786041800/reviews?hl=zh-TW,3,False,"1,074",路過沒有好選擇都吃這
 Andie Wu ,https://www.google.com/maps/contrib/114429977114396715258/reviews?hl=zh-TW,4,True,75,都不錯但是越晚人越多
 維國 ,https://www.google.com/maps/contrib/106914551012566021068/reviews?hl=zh-TW,4,True,62,游完泳可以來
 Jason Sun ,https://www.google.com/maps/contrib/111415125308490176954/reviews?hl=zh-TW,4,True,8,燒餅油條好吃，推薦
 李宗翰 ,https://www.google.com/maps/contrib/102925657479011475419/reviews?hl=zh-TW,5,True,25,還不錯吃的傳統美食
 Steve Hsieh ,https://www.google.com/maps/contrib/108163858554605573931/reviews?hl=zh-TW,5,True,47,鹹豆漿一級棒，讚
 Johnson Chung ,https://www.google.com/maps/contrib/102199562390602789789/reviews?hl=zh-TW,4,True,69,沒有以前福國路的時候好
 Jen-chieh Yang ,https://www.google.com/maps/contrib/115428410148696700543/reviews?hl=zh-TW,5,True,68,24小時營業，口味道地。
 HO Mike ,https://www.google.com/maps/contrib/108889191879589132074/reviews?hl=zh-TW,4,True,166,推薦肉排蛋餅和韭菜盒
 Zoe Ke ,https://www.google.com/maps/contrib/106259046418375550148/reviews?hl=zh-TW,5,False,15,宵夜好選擇蛋餅好吃
 張小凡（清河堂） ,https://www.google.com/maps/contrib/114194390979820920531/reviews?hl=zh-TW,5,False,22,蛋餅、韭菜盒超好吃
 吳信典（Stan Wu） ,https://www.google.com/maps/contrib/100342932816387499052/reviews?hl=zh-TW,4,True,213,每次經過都會想買XD
 James Huang ,https://www.google.com/maps/contrib/115679803382535128409/reviews?hl=zh-TW,5,False,16,鹹豆漿好吃極了
 張晉銘 ,https://www.google.com/maps/contrib/118037849657072363679/reviews?hl=zh-TW,5,True,53,CP值很高的宵夜場所
 曾俊翰 ,https://www.google.com/maps/contrib/108792233634398879335/reviews?hl=zh-TW,5,True,42,幾乎都有開很方便
 Sean Liu ,https://www.google.com/maps/contrib/110598176461063418522/reviews?hl=zh-TW,3,True,165,就豆漿店。。哈。。沒什麼。。方便。。好吃。。
 周湧鈞 ,https://www.google.com/maps/contrib/117969827472964943470/reviews?hl=zh-TW,4,True,118,出餐快速24小時營業
 陳欽平 ,https://www.google.com/maps/contrib/115909407982540215216/reviews?hl=zh-TW,5,True,115,鹹豆漿好入喉，豆漿香純
 權寶皮 ,https://www.google.com/maps/contrib/107910620701712348964/reviews?hl=zh-TW,5,True,32,豬排蛋餅好吃😋
 Tseng Ken ,https://www.google.com/maps/contrib/109483343619075182398/reviews?hl=zh-TW,5,False,119,豆漿濃郁燒餅油條香
 Hulda U ,https://www.google.com/maps/contrib/112733828174430799697/reviews?hl=zh-TW,4,True,17,饅頭夾蛋很有飽足感
 王老大 ,https://www.google.com/maps/contrib/111132576414134711772/reviews?hl=zh-TW,3,False,337,菜色不錯值得Ｄ嘗嘗
 王彗綸 ,https://www.google.com/maps/contrib/113624973754126642265/reviews?hl=zh-TW,3,True,80,覺得韭菜盒子還不錯
 Daily天天 ,https://www.google.com/maps/contrib/114109654027182291363/reviews?hl=zh-TW,2,True,419,營業時間長，止饑方便。
 默默無名 ,https://www.google.com/maps/contrib/107926104187236498410/reviews?hl=zh-TW,5,True,45,算是不錯的豆漿店
 Sandy Chang ,https://www.google.com/maps/contrib/116941360257388047530/reviews?hl=zh-TW,3,True,664,24小時營業，很便利
 JianD Lin ,https://www.google.com/maps/contrib/108814828287900625525/reviews?hl=zh-TW,3,False,15,太貴但口味不錯
 錫安大叔（Master Zion） ,https://www.google.com/maps/contrib/102760776605766909620/reviews?hl=zh-TW,4,True,417,選擇多，可是沒發票
 Alberto Ho ,https://www.google.com/maps/contrib/107521859295045301523/reviews?hl=zh-TW,4,True,364,老店，地點好。餐點不錯。
 孫彥博 ,https://www.google.com/maps/contrib/107113423646500354221/reviews?hl=zh-TW,5,False,16,好吃，我會再來
 Grace Lin ,https://www.google.com/maps/contrib/112592992440933426660/reviews?hl=zh-TW,4,True,73,還不錯吃呢！
 王文蔭 ,https://www.google.com/maps/contrib/115762051735033876171/reviews?hl=zh-TW,4,True,12,餐點有幾樣不錯吃
 Sophia Chen ,https://www.google.com/maps/contrib/104382066493069815098/reviews?hl=zh-TW,4,True,433,餐點佳，價格公道~
 楊俊德 ,https://www.google.com/maps/contrib/113403246759489715283/reviews?hl=zh-TW,3,True,"2,151",爬山後吃東西的好去處
 kevin chen ,https://www.google.com/maps/contrib/113502679444699031778/reviews?hl=zh-TW,4,True,444,豆漿好喝，油條好吃
 陳錫敏 ,https://www.google.com/maps/contrib/106842798161472369296/reviews?hl=zh-TW,3,True,523,豆漿店還可以！
 Ji Rong Li ,https://www.google.com/maps/contrib/107043826993515165769/reviews?hl=zh-TW,4,True,94,普通，單價略偏高
 Steven Hsieh ,https://www.google.com/maps/contrib/102101697396988178722/reviews?hl=zh-TW,5,False,2,蛋餅好吃，豆漿好喝
 H redirbrd ,https://www.google.com/maps/contrib/108490149527807370944/reviews?hl=zh-TW,4,True,179,吃宵夜的好地方，豆漿好喝
 PUPPY FAMILY ,https://www.google.com/maps/contrib/109190431891313877475/reviews?hl=zh-TW,4,True,108,24小時肚子餓好去處
 洪啟煌 ,https://www.google.com/maps/contrib/100484657658452172119/reviews?hl=zh-TW,5,True,498,好濃的豆漿，讚啦！
 蘇文毅 ,https://www.google.com/maps/contrib/113575517204008674032/reviews?hl=zh-TW,4,True,178,算是不錯的豆漿店
 每日例行賽直播 ,https://www.google.com/maps/contrib/109849452541171576911/reviews?hl=zh-TW,2,False,24,鹹豆漿不好喝。
 Claire Chen ,https://www.google.com/maps/contrib/113753722661203331276/reviews?hl=zh-TW,3,False,5,食物的衛生有待加強...
 J Weng ,https://www.google.com/maps/contrib/110821844542899877053/reviews?hl=zh-TW,5,True,20,小籠包好吃😋
 Alan ,https://www.google.com/maps/contrib/117549057968811754186/reviews?hl=zh-TW,1,False,10,不好吃態度差
 彭昇偉 ,https://www.google.com/maps/contrib/114146566345415172511/reviews?hl=zh-TW,4,False,2,豆漿濃郁好喝。
 Apple Liu ,https://www.google.com/maps/contrib/100981508620603467991/reviews?hl=zh-TW,4,False,7,燒餅蛋..不錯吃
 何玉麟 ,https://www.google.com/maps/contrib/102453773242271933383/reviews?hl=zh-TW,4,True,44,半夜找吃的好去處
 Fan ,https://www.google.com/maps/contrib/109075079884507936388/reviews?hl=zh-TW,5,True,14,老闆親切，東西好吃
 鄭秀佩 ,https://www.google.com/maps/contrib/102793754098285759781/reviews?hl=zh-TW,4,True,222,好吃...有點貴
 李俊明 ,https://www.google.com/maps/contrib/116792512172487832183/reviews?hl=zh-TW,5,False,1,老闆，老闆娘親切，服務第一，
 徐威騰 ,https://www.google.com/maps/contrib/108912334100513765604/reviews?hl=zh-TW,3,True,199,24小時營業很方便
 super wang (nigramotion) ,https://www.google.com/maps/contrib/101848301506050977644/reviews?hl=zh-TW,4,True,150,飯團與豆漿蠻好吃的。
 莊日月中心 ,https://www.google.com/maps/contrib/109319903615637598325/reviews?hl=zh-TW,1,True,614,貴，散漫，難吃
 Julian Ho ,https://www.google.com/maps/contrib/114465174706449548702/reviews?hl=zh-TW,1,False,20,態度差，跩什麼？
 池明雄 ,https://www.google.com/maps/contrib/103556837789798066590/reviews?hl=zh-TW,5,True,37,老闆娘很熱情
 Lin ,https://www.google.com/maps/contrib/116268140372653779625/reviews?hl=zh-TW,5,True,38,宵夜額度好去處
 Emo Kiyo ,https://www.google.com/maps/contrib/104316667380090307422/reviews?hl=zh-TW,2,True,26,一般般價格偏高
 峰騰郭 ,https://www.google.com/maps/contrib/118445143492625983346/reviews?hl=zh-TW,3,True,169,平價中的豆漿店，
 邱益賢 ,https://www.google.com/maps/contrib/112326654226090062675/reviews?hl=zh-TW,4,True,137,24小時的便利小吃。
 SASIMI “SASIMI” ,https://www.google.com/maps/contrib/100324192256654395653/reviews?hl=zh-TW,5,True,31,洗完溫泉去吃真棒
 YUCHE LIAO ,https://www.google.com/maps/contrib/104976423490881882806/reviews?hl=zh-TW,1,True,44,極普通，價格偏高
 Judy Yeh ,https://www.google.com/maps/contrib/114090016565146670549/reviews?hl=zh-TW,4,True,505,傳統的好味道!
 JY P ,https://www.google.com/maps/contrib/105678411858640463261/reviews?hl=zh-TW,4,True,288,24h半夜不怕餓肚子
 Ai-han-feng Memo ,https://www.google.com/maps/contrib/117860020284471395099/reviews?hl=zh-TW,5,True,38,鹹豆漿美味
 MAGZ LAI ,https://www.google.com/maps/contrib/107269630215819208316/reviews?hl=zh-TW,5,True,138,好吃好喝新鮮美味
 張曉容 ,https://www.google.com/maps/contrib/106333308991674468125/reviews?hl=zh-TW,4,True,60,我本身喝鹹豆漿
 Richard Tu ,https://www.google.com/maps/contrib/112325049581494948103/reviews?hl=zh-TW,5,True,36,半夜覓食的好選擇。
 Axiang ,https://www.google.com/maps/contrib/110391872489933628244/reviews?hl=zh-TW,4,True,24,鹹豆漿不錯吃
 Elizabeth Morgenröte ,https://www.google.com/maps/contrib/109188569894502287443/reviews?hl=zh-TW,1,True,77,防疫期間口罩戴在下巴
 黃小六 ,https://www.google.com/maps/contrib/104356415961089649594/reviews?hl=zh-TW,3,True,280,服務好，東西好。
 jinann ,https://www.google.com/maps/contrib/102429945559931346137/reviews?hl=zh-TW,4,True,49,店員態度不佳
 王敏靚 ,https://www.google.com/maps/contrib/105238328920479021806/reviews?hl=zh-TW,5,True,21,老字號，東西好吃
 雞米 ,https://www.google.com/maps/contrib/107974480408552301354/reviews?hl=zh-TW,4,True,57,備餐快速，食物可口。
 Yu Huang ,https://www.google.com/maps/contrib/112731906100598629839/reviews?hl=zh-TW,4,True,153,推薦豆漿甜餅蛋餅
 ChunHsien Wu ,https://www.google.com/maps/contrib/100735676851525465799/reviews?hl=zh-TW,3,True,105,很普通的豆漿店
 Jenwit S. ,https://www.google.com/maps/contrib/112419479806467730349/reviews?hl=zh-TW,4,True,256,豆漿很濃、蠻大碗的。
 于淑德 ,https://www.google.com/maps/contrib/113350604370914087153/reviews?hl=zh-TW,1,True,315,還好
 Bill Lin ,https://www.google.com/maps/contrib/105960047851330689472/reviews?hl=zh-TW,3,True,169,天母地區的豆漿店
 徐德浚（吉祥） ,https://www.google.com/maps/contrib/115460111954875953862/reviews?hl=zh-TW,3,True,129,天母豆漿傳統小吃
 徐德浚 ,https://www.google.com/maps/contrib/109487464693259957933/reviews?hl=zh-TW,4,True,62,豆漿鮮蛋餅讚
 OLivER Chuang ,https://www.google.com/maps/contrib/115643343974362181952/reviews?hl=zh-TW,5,True,170,蒜蓉辣醬讚
 like youtube ,https://www.google.com/maps/contrib/117651964825276469462/reviews?hl=zh-TW,3,True,66,價錢有點不便宜
 奇勳楊 ,https://www.google.com/maps/contrib/104277778882358955329/reviews?hl=zh-TW,5,True,237,當應急晚餐用的
 CHANG HUNG Wu ,https://www.google.com/maps/contrib/107833829125895703907/reviews?hl=zh-TW,3,True,23,24小時豆漿店
 Jasper Dong ,https://www.google.com/maps/contrib/115459713818514816350/reviews?hl=zh-TW,2,True,134,普普，價格偏高。
 Simon Wu ,https://www.google.com/maps/contrib/101705019660823302876/reviews?hl=zh-TW,2,True,234,不會去第二次了
 KIMB HOM ,https://www.google.com/maps/contrib/112676227511370988324/reviews?hl=zh-TW,5,True,22,超讚的豆漿店
 李小米 ,https://www.google.com/maps/contrib/114474170625796995146/reviews?hl=zh-TW,4,True,150,服務迅速，好吃
 沈協銘沈 ,https://www.google.com/maps/contrib/112894639303385700162/reviews?hl=zh-TW,4,False,9,衛生價實～
 John Lien ,https://www.google.com/maps/contrib/108725893998252807346/reviews?hl=zh-TW,4,True,99,晚上消夜的好選擇
 唐浡 ,https://www.google.com/maps/contrib/105359711998066511568/reviews?hl=zh-TW,2,True,67,實在不咋地！
 aiden pan ,https://www.google.com/maps/contrib/109367369758389448154/reviews?hl=zh-TW,1,True,15,已經不是以前的吳家了
 C “狼煙伴重山” C ,https://www.google.com/maps/contrib/108037653087957252576/reviews?hl=zh-TW,2,True,20,貴，貴，貴。CP值不高。
 秀金林 ,https://www.google.com/maps/contrib/110237409342062060910/reviews?hl=zh-TW,5,False,6,鹹豆漿好吃
 FT Hsu ,https://www.google.com/maps/contrib/116212342283722164895/reviews?hl=zh-TW,3,True,109,還行
 靜弘 ,https://www.google.com/maps/contrib/118412489858337525064/reviews?hl=zh-TW,5,True,5,不錯吃喔
 stanley hung ,https://www.google.com/maps/contrib/115275219008338047321/reviews?hl=zh-TW,1,True,96,不知道在貴什麼的
 陳小如 ,https://www.google.com/maps/contrib/113036568889094317350/reviews?hl=zh-TW,5,True,148,鹹豆漿好喝
 Edward Chen ,https://www.google.com/maps/contrib/103497236299389609063/reviews?hl=zh-TW,4,True,85,香濃，24小時
 justin chu ,https://www.google.com/maps/contrib/103865212362151013503/reviews?hl=zh-TW,3,True,472,24小時營業
 Sung Jackie ,https://www.google.com/maps/contrib/107084298826142391133/reviews?hl=zh-TW,4,True,"1,174",豆漿，鹹豆漿都很好
 蕭嬿婷 ,https://www.google.com/maps/contrib/109767634167251120217/reviews?hl=zh-TW,4,True,181,快速解決一餐的地方！
 momo li ,https://www.google.com/maps/contrib/106774421349685549780/reviews?hl=zh-TW,1,False,1,很難吃
 Diana Yang ,https://www.google.com/maps/contrib/118206363278593534128/reviews?hl=zh-TW,4,True,127,宵夜的好選擇😁
 呂宗祐 ,https://www.google.com/maps/contrib/101823259891347451676/reviews?hl=zh-TW,3,True,"1,141",環境算乾淨
 YiChung Chen ,https://www.google.com/maps/contrib/111287536909816558881/reviews?hl=zh-TW,4,True,44,好ㄘ，但稍貴
 Kurt ,https://www.google.com/maps/contrib/111341969523281017987/reviews?hl=zh-TW,4,True,211,韭黃水餃超好吃
 FU FU ,https://www.google.com/maps/contrib/116149031018047231920/reviews?hl=zh-TW,4,True,266,還不錯吃
 eric liao ,https://www.google.com/maps/contrib/108175032919733750613/reviews?hl=zh-TW,3,True,"1,090",24小時營業
 YC Chen ,https://www.google.com/maps/contrib/113782592289208783757/reviews?hl=zh-TW,4,True,69,炸醬麵不錯
 周朕煬 ,https://www.google.com/maps/contrib/109620845821884152158/reviews?hl=zh-TW,5,True,9,我覺得可以
 陳冠源 ,https://www.google.com/maps/contrib/106361751406269488725/reviews?hl=zh-TW,4,True,307,早餐的好選擇
 Garden Kuo ,https://www.google.com/maps/contrib/111416461259640135925/reviews?hl=zh-TW,4,True,90,消夜好去處
 Derek W ,https://www.google.com/maps/contrib/106065071227636990740/reviews?hl=zh-TW,5,True,32,宵夜好去處
 Sharon Lin ,https://www.google.com/maps/contrib/112487176808779747477/reviews?hl=zh-TW,3,True,100,東西不難吃
 凱文羊 ,https://www.google.com/maps/contrib/100730223960047220509/reviews?hl=zh-TW,3,True,80,還行～
 江其叡 ,https://www.google.com/maps/contrib/100718839666504003083/reviews?hl=zh-TW,3,True,46,宵夜好去處
 奇蹟體驗 ,https://www.google.com/maps/contrib/107912877721243871529/reviews?hl=zh-TW,5,True,413,不錯吃!
 家仁王 ,https://www.google.com/maps/contrib/113053865654369568181/reviews?hl=zh-TW,4,True,72,豆漿很好喝
 cheng2xyz ,https://www.google.com/maps/contrib/108043169909697726327/reviews?hl=zh-TW,5,True,258,早餐消夜首選
 沈小江 ,https://www.google.com/maps/contrib/106360110786524283060/reviews?hl=zh-TW,3,True,297,還可以
 Elson Yang ,https://www.google.com/maps/contrib/118318801712823824906/reviews?hl=zh-TW,4,True,422,不壞
 kevin yuan ,https://www.google.com/maps/contrib/114801868594599409355/reviews?hl=zh-TW,5,True,177,宵夜好去處
 楊凱傑 ,https://www.google.com/maps/contrib/105739256627030862627/reviews?hl=zh-TW,3,False,40,鹹豆漿道地
 jacky liu ,https://www.google.com/maps/contrib/105319529173906486804/reviews?hl=zh-TW,3,False,6,還可以
 廖冠華 ,https://www.google.com/maps/contrib/102926781288851875841/reviews?hl=zh-TW,5,True,22,豆漿很濃
 Lau安迪 ,https://www.google.com/maps/contrib/113485307882300756168/reviews?hl=zh-TW,4,False,6,燒餅好吃
 Yo Shih ,https://www.google.com/maps/contrib/114936841607179711266/reviews?hl=zh-TW,2,True,99,還好
 Ming Kao ,https://www.google.com/maps/contrib/102230789545936449782/reviews?hl=zh-TW,3,True,214,普普，略貴
 Treepie숲친 (樹) ,https://www.google.com/maps/contrib/110180540186649733553/reviews?hl=zh-TW,4,True,33,混漿很棒
 Peggy Chiang ,https://www.google.com/maps/contrib/103420265979918943999/reviews?hl=zh-TW,1,False,9,不會再來
 盧明輝 ,https://www.google.com/maps/contrib/104434857699290961608/reviews?hl=zh-TW,4,True,67,豆漿夠味
 周冠廷 ,https://www.google.com/maps/contrib/109155714281811532611/reviews?hl=zh-TW,4,True,83,蠻不錯的
 CHI PIN WANG ,https://www.google.com/maps/contrib/108903658581328620757/reviews?hl=zh-TW,3,True,325,平價
 Kevin Wang ,https://www.google.com/maps/contrib/104641337911185302102/reviews?hl=zh-TW,5,True,159,餐點美味
 吳燕玲 ,https://www.google.com/maps/contrib/101218579797765817819/reviews?hl=zh-TW,5,True,142,種類很多
 Shen Jessica ,https://www.google.com/maps/contrib/115938102806165187873/reviews?hl=zh-TW,5,True,94,乾淨
 Amain阿綿仔 ,https://www.google.com/maps/contrib/112118423379850937042/reviews?hl=zh-TW,4,True,196,好吃的麵
 Eva Hsieh ,https://www.google.com/maps/contrib/107009075973092083060/reviews?hl=zh-TW,3,True,134,不錯
 Shih Kevin ,https://www.google.com/maps/contrib/102018580879606465000/reviews?hl=zh-TW,5,True,342,好吃蛋餅
 黃亞凡 ,https://www.google.com/maps/contrib/101814584156814980675/reviews?hl=zh-TW,5,True,39,品質穩定
 虹諭乃 ,https://www.google.com/maps/contrib/100454585335959515273/reviews?hl=zh-TW,3,True,21,環境堪憂
 でぃぐおろ ,https://www.google.com/maps/contrib/101125810886561190768/reviews?hl=zh-TW,5,False,12,餐點快速
 Yi Jan ,https://www.google.com/maps/contrib/116785402994366426719/reviews?hl=zh-TW,5,False,462,美味平價
 郭芷吟 ,https://www.google.com/maps/contrib/113381385377616084099/reviews?hl=zh-TW,4,True,171,蠻貴的
" 劉, 永為 Frederic (Frederic) ",https://www.google.com/maps/contrib/112760670885768026854/reviews?hl=zh-TW,5,True,28,什麼都好吃
 Joanne Guo ,https://www.google.com/maps/contrib/104283774150380047353/reviews?hl=zh-TW,4,True,382,不錯吃
 陳柏堯 ,https://www.google.com/maps/contrib/116688409452264454609/reviews?hl=zh-TW,5,True,37,豆漿好喝
 吳芳芳 ,https://www.google.com/maps/contrib/117737960733970220330/reviews?hl=zh-TW,4,True,24,宵夜的選擇
 彭世華 ,https://www.google.com/maps/contrib/100724553024704953689/reviews?hl=zh-TW,5,True,43,豆漿好喝
 CHING LIN ,https://www.google.com/maps/contrib/106570118519618576211/reviews?hl=zh-TW,4,True,179,豆漿好喝
 Leo Fang ,https://www.google.com/maps/contrib/104427759364058686930/reviews?hl=zh-TW,5,True,"1,567",豆漿濃純
 李市民 ,https://www.google.com/maps/contrib/105732929955442114614/reviews?hl=zh-TW,4,True,398,豆漿濃
 葉士誠 ,https://www.google.com/maps/contrib/117903157125478140286/reviews?hl=zh-TW,4,True,15,早餐豆漿
 Gary Chou ,https://www.google.com/maps/contrib/103182198311895925277/reviews?hl=zh-TW,5,True,214,好吃的蛋餅豆漿燒餅油條飯團，讚！讚讚讚讚讚讚讚讚讚讚讚讚讚讚讚讚讚讚讚讚讚讚讚讚讚讚讚讚讚讚讚讚讚讚讚讚讚讚讚讚讚讚讚讚讚讚讚讚讚讚讚讚讚讚讚讚讚讚讚讚讚讚讚讚讚讚讚讚讚讚讚讚讚讚讚讚讚讚讚讚讚讚讚讚讚讚讚讚讚讚讚讚讚讚讚讚讚讚讚讚讚讚讚讚讚讚讚讚讚讚讚讚讚讚讚讚讚讚讚讚讚讚讚讚讚讚讚讚讚讚讚讚讚讚讚讚讚讚讚讚讚
 S Y ,https://www.google.com/maps/contrib/112450088574735039246/reviews?hl=zh-TW,4,True,51,推飯糰
 Miko ,https://www.google.com/maps/contrib/109773060103485606245/reviews?hl=zh-TW,1,False,39,"會罵客人喔！咆哮！叫客人不爽不要來！
態度傲慢的店家！核對點餐金額在那邊強詞奪理找不到點餐單！
強詞奪理再先不能先聽客人講？急著否認
點完餐一直問一直問"
 關口美音 ,https://www.google.com/maps/contrib/111520014842119329914/reviews?hl=zh-TW,5,False,18,"(由Google提供翻譯)飯糰最好吃，燒餅也跟豆漿瘋了！
謝謝你的24小時！深夜也想吃！
金槍魚丹餅也很好吃

大叔也是個好人！

(原始評論)
飯糰最高です、燒餅も鹹豆漿にめちゃくちゃ合います！
24時間なのもありがたい！夜遅くでもつい食べたくなります！
鮪魚蛋餅もおいしい

おじちゃんもいい人です！"
 巫宜昌 ,https://www.google.com/maps/contrib/111567674347424853759/reviews?hl=zh-TW,4,True,36,"價格偏高，但東西實在，店內算乾淨，味道也在中上。

24小時營業，只見過年夜飯時休息，員工很少，看似是小家族經營。經常看到熟面孔當班一整天。

傳統早餐店賣的是早餐而不是服務，很多餐點現做，確保現吃時的美味。即便是先做好的餅還是油條，給餐時也會進爐回溫過。

早餐限定的蔥餅很好吃，大部分餐點應該都能讓六年級生憶起孩提時代的早餐光景。在移居台北廿年來的心得，只有實在製作的餐點才能有這樣的滋味。

唯一可惜的是燒餅油條不夠酥脆，這我想應該是沒加明礬處理的緣故。畢竟鋁化合物能有效導致老人痴呆，這樣也是可以接受的了。

(由Google提供翻譯)
價格偏高，但東西實在，店內算乾淨，味道也在中上。

24小時營業，只見過年夜飯時休息，員工很少，看似是小家族經營。經常看到熟面孔當班一整天。

傳統早餐店賣的是早餐而不是服務，很多餐點現做，確保現吃時的美味。即便是先做好的餅還是油條，給餐時也會進爐回溫過。

早餐限定的蔥餅很好吃，大部分餐點應該都能讓六年級生憶起孩提時代的早餐光景。在移居台北廿年來的心得，只有實在製作的餐點才能有這樣的滋味。

唯一可惜的是燒餅油條不夠酥脆，這我想應該是沒加明礬處理的緣故。畢竟鋁化合物能有效導致老人癡呆，這樣也是可以接受的了。"
 David Chou ,https://www.google.com/maps/contrib/105302082146792182617/reviews?hl=zh-TW,5,True,127,"(由Google提供翻譯)我愛我一些好飯糰粉絲團（米飯糰）。這個地方每天24小時開放，這很好。這是gooooood。

(原始評論)
Ilovemesomegood飯糰fantuan(ricegroup).Thisplaceopens24hoursadayandit'sgood.It'sgooooood."
 Jia ,https://www.google.com/maps/contrib/118007399621057683506/reviews?hl=zh-TW,1,True,14,"(由Google提供翻譯)我們訂購時沒有面對我們。對我們大喊大叫說'你剛剛說這是我們在眼神接觸後重複的時候。沒有道歉。不，謝謝。在今天的溫度下沒有空調。同樣，這不是客戶的錯。

(原始評論)
Didn'tfacetouswhenweordered.Yelledatussaid'youjustsaidit'swhenwerepeateditafteroureyescontacted.Noapology.Nothankyou.Noair-conditioningundertoday'stemperature.Again,it'snotcustomer'sfault."
 Mas Light ,https://www.google.com/maps/contrib/106078021682137835576/reviews?hl=zh-TW,4,True,713,"(由Google提供翻譯)大豆很清澈，食物很美味，有時可能很擁擠，但我們去得早。

(原始評論)
Thesoywasclearandfoodwasdelicious,couldsometimesbeverycrowdedbutwewentearly."
 shihoko h ,https://www.google.com/maps/contrib/108570147620307422345/reviews?hl=zh-TW,3,True,128,"(由Google提供翻譯)店內很漂亮
味道是不是有點咸？

(原始評論)
店内綺麗
味は少し塩分多め？"
 Benzai Kariya Ch. 剎太シャッテン ,https://www.google.com/maps/contrib/108672055935100581074/reviews?hl=zh-TW,4,True,162,夜宵
 Vincent ,https://www.google.com/maps/contrib/105615660073036101480/reviews?hl=zh-TW,4,True,534,"(由Google提供翻譯)友好的員工和露天餐廳

(原始評論)
Friendlystaffandopenairrestaurant"
 玖月SHENG. ,https://www.google.com/maps/contrib/110320799889290358832/reviews?hl=zh-TW,5,True,36,老味道好吃👍
 Ka Kakaka ,https://www.google.com/maps/contrib/104059426194586807745/reviews?hl=zh-TW,5,False,13,早班阿姨人很好韭菜盒好吃
 周豊智 ,https://www.google.com/maps/contrib/106001915166642873958/reviews?hl=zh-TW,4,True,810,好吃
 Laura Lin ,https://www.google.com/maps/contrib/110207566459309522254/reviews?hl=zh-TW,1,True,65,"(由Google提供翻譯)服務差...
當我進去的時候，一名女員工冷漠地喊道：“早餐不上菜；只有****可用”然後就回到廚房..
然後當我站在那裡試圖訂購時，沒有人在乎我......最後我就離開了。

(原始評論)
Poorservice...
WhenIwentinoneoffemalestaffsindifferentlyshouted“thebreakfastfoodnotstartbeingserved;only****available”thenjustwentbackintokitchen..
ThennoonegavemeadamnasIwasstandingtheretryingtoorder..intheendIjustleft."
 Carter Huang ,https://www.google.com/maps/contrib/115583362283168594222/reviews?hl=zh-TW,2,True,153,非常普通，不算好吃
 Lover Food ,https://www.google.com/maps/contrib/111536589031759174123/reviews?hl=zh-TW,5,True,109,"(由Google提供翻譯)中國餅乾的口味很多。非常推薦。特別是他們以24-7開門。非常適合的人在午夜餓了。

(原始評論)
ManyflavorsofChinesebiscuits.Veryrecommended.Especiallytheyopen24-7.Verysuitpeoplearehungryinthemidnight."
 Ting Fan ,https://www.google.com/maps/contrib/110643279982705350273/reviews?hl=zh-TW,4,True,382,"(由Google提供翻譯)全天24小時開放。這裡是您隨時隨地購買一些傳統早餐食品（如湯圓，牛奶或麵條）的理想場所。

(原始評論)
Open24hours.Itisaperfectplacetogetsometraditionalbreakfastitemslikericeball,saymilk,ornoodlesanytimeyouwant."
 Uncle Ben ,https://www.google.com/maps/contrib/103098341495188262368/reviews?hl=zh-TW,5,True,87,"(由Google提供翻譯)24小時營業，來這裡享用您的傳統早餐吧！只想指出，235號的地址，其實是225號！！

(原始評論)
Open24Hours,comegetyourtraditionalbreakfastfixhere!Justwanttopointoutthataddresslistedasno.235,it’sactuallyno.225!!"
 羅逸軒 ,https://www.google.com/maps/contrib/104288885068219722891/reviews?hl=zh-TW,2,True,48,"真的不怎么樣~普通！止餓那种

(由Google提供翻譯)
真的不怎麼樣~普通！止餓那種"
 Meghan Knigga ,https://www.google.com/maps/contrib/106343117827546782569/reviews?hl=zh-TW,5,True,106,"(由Google提供翻譯)我嘗試了一切，一切都很棒！我特別喜歡湯餃子😋

(原始評論)
Itriedalittleofeverythinganditwasallterrific!Iespeciallylikedthesoupdumplings😋"
 CK ,https://www.google.com/maps/contrib/102311934834589625891/reviews?hl=zh-TW,4,True,149,"(由Google提供翻譯)非常標準的食物：良好的豆漿和雞蛋煎蛋。不過，油炸麵團棒更油膩一點。

(原始評論)
Prettystandardfare:goodsoybeanmilkandeggomelette.Frieddoughstickwasalittlemoregreasy,though."
 Poke Go ,https://www.google.com/maps/contrib/105298641673114199582/reviews?hl=zh-TW,2,False,26,"(由Google提供翻譯)就像其他豆漿早餐場所一樣品嚐。24小時為佳。

(原始評論)
Tastejustlikeeveryothersoymilkbreakfastplace.24hoursisaplus."
 Jason Wang ,https://www.google.com/maps/contrib/101980051172844829378/reviews?hl=zh-TW,4,True,629,好吃
 劉美華 ,https://www.google.com/maps/contrib/100813295786735602834/reviews?hl=zh-TW,5,False,19,方便好吃
 Chi-Yeh Jackson Ko ,https://www.google.com/maps/contrib/107541982152544639878/reviews?hl=zh-TW,4,True,35,"(由Google提供翻譯)幾乎每個早班飛機都會在這裡吃早餐，食物總是很好！

(原始評論)
Almosteveryearlyflightwouldhavemybreakfasthere,foodisalwaysgood!"
 marco yang (Marco) ,https://www.google.com/maps/contrib/109469909275773571373/reviews?hl=zh-TW,5,True,17,深夜的好朋友
 吃貨營養師高敏敏 ,https://www.google.com/maps/contrib/108640429452671916259/reviews?hl=zh-TW,5,True,682,北投的深夜美食！
 붕리스 ,https://www.google.com/maps/contrib/116732213038181680365/reviews?hl=zh-TW,5,True,40,"(由Google提供翻譯)便宜又美味的當地早餐店
不會說中文就不容易下單

(原始評論)
저렴하고맛있는로컬들의아침식사장소
중국어를못하면주문이쉽지않아요"
 Ky Mak ,https://www.google.com/maps/contrib/109882762164632701697/reviews?hl=zh-TW,4,False,65,"不錯，豆槳夠濃，饭團很好。

(由Google提供翻譯)
不錯，豆槳夠濃，飯團很好。"
 XPS ,https://www.google.com/maps/contrib/112154730031960795046/reviews?hl=zh-TW,5,True,"1,589",好吃又便宜
 Allen Liu ,https://www.google.com/maps/contrib/112660144671282151755/reviews?hl=zh-TW,4,True,15,"豆漿濃郁好喝，韭菜盒子好吃

(由Google提供翻譯)
豆漿濃鬱好喝，韭菜盒子好吃"
 Emma ,https://www.google.com/maps/contrib/112244363877714726202/reviews?hl=zh-TW,4,True,"1,136","燒餅油條好吃豆漿也挺濃郁

(由Google提供翻譯)
燒餅油條好吃豆漿也挺濃鬱"
 施竝賢 ,https://www.google.com/maps/contrib/115152464566922824561/reviews?hl=zh-TW,5,True,30,好吃
 Sam Lee ,https://www.google.com/maps/contrib/105428351138706496401/reviews?hl=zh-TW,4,True,310,"燒餅油條好吃，豆漿濃郁

(由Google提供翻譯)
燒餅油條好吃，豆漿濃鬱"
 李柏宏 ,https://www.google.com/maps/contrib/116673992785894590882/reviews?hl=zh-TW,3,True,194,一般
 Lisa Liu ,https://www.google.com/maps/contrib/110211429399184536842/reviews?hl=zh-TW,5,True,544,"(由Google提供翻譯)這裡供應正宗的台灣美味早餐。

(原始評論)
GreatauthenticTaiwanesefastbreakfastserveshere."
 林國平 ,https://www.google.com/maps/contrib/100697558869382483686/reviews?hl=zh-TW,3,False,175,"商家自身不断提升品質不錯！

(由Google提供翻譯)
商家自身不斷提升品質不錯！"
 YU Ying Huang (Yumi) ,https://www.google.com/maps/contrib/114367545226408429421/reviews?hl=zh-TW,5,True,46,好好吃！
 heather jang ,https://www.google.com/maps/contrib/103450233765298525751/reviews?hl=zh-TW,5,False,10,"(由Google提供翻譯)喜歡我的深夜貓頭鷹24小時最好

(原始評論)
24hoursbestforlatenightowllikeme"
 Google要叫什麼名 ,https://www.google.com/maps/contrib/116314673084872168541/reviews?hl=zh-TW,4,True,874,好吃
 Hannah YuLing Lin ,https://www.google.com/maps/contrib/110103960564480306445/reviews?hl=zh-TW,4,True,28,好吃，速度快
 sandy liu ,https://www.google.com/maps/contrib/116766827124893310262/reviews?hl=zh-TW,4,True,100,"豆漿濃郁，購買方便

(由Google提供翻譯)
豆漿濃鬱，購買方便"
 王晓琛 ,https://www.google.com/maps/contrib/107409257532019237124/reviews?hl=zh-TW,3,False,2,"豆浆油条好吃包子不好吃

(由Google提供翻譯)
豆漿油條好吃包子不好吃"
 王劍平 ,https://www.google.com/maps/contrib/105031322106239055811/reviews?hl=zh-TW,3,True,51,吃的品相不多
 楊子誼 ,https://www.google.com/maps/contrib/103990347843290576266/reviews?hl=zh-TW,5,False,9,好吃
 蘇戰車 ,https://www.google.com/maps/contrib/114106460916864537765/reviews?hl=zh-TW,4,True,232,好吃便宜
 Miffy Tsao ,https://www.google.com/maps/contrib/111663547938482114237/reviews?hl=zh-TW,5,True,23,好吃
 Chester Chang ,https://www.google.com/maps/contrib/109928792348565896553/reviews?hl=zh-TW,3,True,261,"方便,口味普通"
 Lee Dean ,https://www.google.com/maps/contrib/100919922086938336418/reviews?hl=zh-TW,1,False,6,"服务很差，还会吵架

(由Google提供翻譯)
服務很差，還會吵架"
 June Bascio ,https://www.google.com/maps/contrib/101668713229325352355/reviews?hl=zh-TW,4,True,335,"(由Google提供翻譯)體面但不平凡

(原始評論)
decentbutnotextraordinary"
 林家典 ,https://www.google.com/maps/contrib/107037625714999568219/reviews?hl=zh-TW,5,True,12,便宜又好吃~
 KO CS ,https://www.google.com/maps/contrib/108035070352939333839/reviews?hl=zh-TW,5,True,322,好吃
 鄭安昌 ,https://www.google.com/maps/contrib/115412223523915767001/reviews?hl=zh-TW,2,True,50,Cp值不高
 Philip Goh ,https://www.google.com/maps/contrib/116005572691364269309/reviews?hl=zh-TW,4,False,44,"(由Google提供翻譯)新鮮豆漿w油條

(原始評論)
FreshsoyamilkwYoutiao"
 黃望清 ,https://www.google.com/maps/contrib/101265371419025246492/reviews?hl=zh-TW,4,False,31,好吃
 Cl Wang ,https://www.google.com/maps/contrib/117934877108541221051/reviews?hl=zh-TW,4,True,78,好吃
 豆豆 ,https://www.google.com/maps/contrib/105154112637399216955/reviews?hl=zh-TW,5,False,8,很棒
 Anita Lee ,https://www.google.com/maps/contrib/117211857665936756850/reviews?hl=zh-TW,4,True,158,早餐好吃
 LBT S ,https://www.google.com/maps/contrib/113957400014859151463/reviews?hl=zh-TW,4,True,121,好吃
 Leo Lo ,https://www.google.com/maps/contrib/111373747099286002974/reviews?hl=zh-TW,4,True,730,好吃
 WEICHUN YEH ,https://www.google.com/maps/contrib/111286404602037782419/reviews?hl=zh-TW,4,True,318,道地
 Allen Kuo ,https://www.google.com/maps/contrib/112984540655488836554/reviews?hl=zh-TW,4,True,68,好吃
 Perry Huang ,https://www.google.com/maps/contrib/102081578157432577693/reviews?hl=zh-TW,5,False,12,好吃
 詩傑陳 ,https://www.google.com/maps/contrib/106362744131352115426/reviews?hl=zh-TW,5,True,29,很好吃
 Sky Giwen ,https://www.google.com/maps/contrib/114424213295607392005/reviews?hl=zh-TW,5,True,909,宵夜
 盧冠宇 ,https://www.google.com/maps/contrib/108155209776412692072/reviews?hl=zh-TW,5,True,332,一定要加辣
 不知道的好 ,https://www.google.com/maps/contrib/112291175957010647548/reviews?hl=zh-TW,5,True,89,好棒的中式早餐
 璟MoniCK ,https://www.google.com/maps/contrib/113498585501996015515/reviews?hl=zh-TW,5,True,133,很好吃
 TH C ,https://www.google.com/maps/contrib/102035386828863432491/reviews?hl=zh-TW,5,True,130,"(由Google提供翻譯)愛它

(原始評論)
Loveit"
 ERK TIEU ,https://www.google.com/maps/contrib/105535573482022855160/reviews?hl=zh-TW,2,False,2,"(由Google提供翻譯)到sdalb

(原始評論)
Alsdalb"
 Lee Rika ,https://www.google.com/maps/contrib/113397231405137738815/reviews?hl=zh-TW,5,True,9,超好吃
 Aurater X ,https://www.google.com/maps/contrib/100573016563967777153/reviews?hl=zh-TW,4,True,65,好吃方便
 Moya Wang ,https://www.google.com/maps/contrib/116851218151156205061/reviews?hl=zh-TW,3,True,544,正常
 大毛 ,https://www.google.com/maps/contrib/116730755510162047961/reviews?hl=zh-TW,3,False,14,口味一般
 Ting Yu Lu ,https://www.google.com/maps/contrib/100417526965679409352/reviews?hl=zh-TW,5,True,59,好吃便宜
 Zakk Chen ,https://www.google.com/maps/contrib/109457569427942946805/reviews?hl=zh-TW,3,True,154,尚可
 李芹 ,https://www.google.com/maps/contrib/108317595380602360924/reviews?hl=zh-TW,5,True,23,好吃👍
 Ajin Huang ,https://www.google.com/maps/contrib/102122551615831358649/reviews?hl=zh-TW,5,True,96,加胡椒
 Michael Wu ,https://www.google.com/maps/contrib/114682019203112683247/reviews?hl=zh-TW,4,True,194,"(由Google提供翻譯)24小時營業

(原始評論)
24hoursopen"
 YY丫丫（丫丫） ,https://www.google.com/maps/contrib/102235531875690855513/reviews?hl=zh-TW,4,True,81,"不错

(由Google提供翻譯)
不錯"
 文林國小陳仁貴 ,https://www.google.com/maps/contrib/116809447858669990688/reviews?hl=zh-TW,4,True,225,好吃好喝
 Blair Lockhart ,https://www.google.com/maps/contrib/117498006598282387425/reviews?hl=zh-TW,1,False,10,"(由Google提供翻譯)呸

(原始評論)
Yuck"
 張鳳嵐 ,https://www.google.com/maps/contrib/117113027589367796953/reviews?hl=zh-TW,4,True,14,😍
 徐銘健 ,https://www.google.com/maps/contrib/101525571786258219311/reviews?hl=zh-TW,3,True,609,普通
 盧靖樺 ,https://www.google.com/maps/contrib/107084277488188974469/reviews?hl=zh-TW,3,True,359,一般般
 王士維 ,https://www.google.com/maps/contrib/102292662964886417632/reviews?hl=zh-TW,5,True,393,方便
 謝瓊華 ,https://www.google.com/maps/contrib/115840736501649303399/reviews?hl=zh-TW,4,False,8,pp
 Wen Nai ,https://www.google.com/maps/contrib/109216094621483634159/reviews?hl=zh-TW,3,True,162,普通
 陳敬文 ,https://www.google.com/maps/contrib/110488302875109130780/reviews?hl=zh-TW,5,True,431,24H方便
 葉彥甫 ,https://www.google.com/maps/contrib/101492080042047060750/reviews?hl=zh-TW,4,True,19,"(由Google提供翻譯)好的

(原始評論)
Good"
 Sam Lin ,https://www.google.com/maps/contrib/114177031809322440532/reviews?hl=zh-TW,4,True,51,方便快速
 Yuan De You ,https://www.google.com/maps/contrib/112106121147946478319/reviews?hl=zh-TW,4,True,96,"早餐的好选择

(由Google提供翻譯)
早餐的好選擇"
 bruce Ting ,https://www.google.com/maps/contrib/107718883366195132102/reviews?hl=zh-TW,2,True,148,一般
 高kao聖宜 steven ,https://www.google.com/maps/contrib/103765061333662919914/reviews?hl=zh-TW,3,False,5,很普通！
 胡時 ,https://www.google.com/maps/contrib/100991117965664832670/reviews?hl=zh-TW,5,False,15,太棒了!
 宋瓊蘭 ,https://www.google.com/maps/contrib/101041869070562260281/reviews?hl=zh-TW,4,True,175,有效率
 Martin ,https://www.google.com/maps/contrib/114076000815246460418/reviews?hl=zh-TW,4,True,606,好很多
 freshmeadow1 ,https://www.google.com/maps/contrib/113325996606104656004/reviews?hl=zh-TW,3,True,115,一般
 瓦丹 ,https://www.google.com/maps/contrib/106442563299109348215/reviews?hl=zh-TW,5,True,93,好吃😋
 陳信宏 ,https://www.google.com/maps/contrib/113190482291358895593/reviews?hl=zh-TW,4,True,435,"(由Google提供翻譯)早餐不錯

(原始評論)
Goodbreakfast"
 廖文瑞 ,https://www.google.com/maps/contrib/104681750631046271152/reviews?hl=zh-TW,3,False,18,好吃！
 MLX CN ,https://www.google.com/maps/contrib/110238149559536652799/reviews?hl=zh-TW,4,True,154,"(由Google提供翻譯)傳統風格

(原始評論)
Trditionalstyle"
 Ming-chih ,https://www.google.com/maps/contrib/109143951261650283600/reviews?hl=zh-TW,4,True,420,"豆漿濃郁

(由Google提供翻譯)
豆漿濃鬱"
 Yaling Liu ,https://www.google.com/maps/contrib/115361598609109768680/reviews?hl=zh-TW,5,True,17,古早味
 David Ko ,https://www.google.com/maps/contrib/106766571697451031047/reviews?hl=zh-TW,5,True,144,"鹹豆浆

(由Google提供翻譯)
鹹豆漿"
 C.L K ,https://www.google.com/maps/contrib/116326036309517539758/reviews?hl=zh-TW,3,True,316,不池上
 吳昕曄 ,https://www.google.com/maps/contrib/100680194042240126318/reviews?hl=zh-TW,5,False,10,^^
