user_name,user_profile_url,rating,local_guide,comment_num,comment_text
 沈啟鴻 ,https://www.google.com/maps/contrib/110495882046395298803/reviews?hl=zh-TW,4,True,"1,142",那天吃到的貝果很普，真的不值這個價。咖啡尚可，最好吃的是薯餅。店內環境還算整潔，只是受限地理位置空間比較狹小一點。
 Jimmy Chen ,https://www.google.com/maps/contrib/113481337856597460140/reviews?hl=zh-TW,4,True,296,"交通-機車汽車皆不好停車，建議步行最方便。

餐飲-現在的麥當勞普遍都要$150以上（套餐）才吃的到了，比以前貴很多，東西也縮水了，希望能再推出以前那種優惠組合和方案。

環境-店內共有3樓，環境算是乾淨明亮。"
 陳曦 ,https://www.google.com/maps/contrib/109082840347733378210/reviews?hl=zh-TW,4,True,359,這次點了麥香魚，感覺滿不錯的難得看到中薯的量可以這麼多，店員服務態度也很好，運氣更好的是剛好人不多，但店家的動線真的有待改善，已經看過很多次排隊排到樓梯上了，樓上也有內用座位
 porola ,https://www.google.com/maps/contrib/105924639649024252257/reviews?hl=zh-TW,1,True,92,店裡面只有兩台點餐機，人多的時候想點餐還要排到二樓去，排隊動線還會卡到門口，還有人搞不清楚狀況就直接插隊的，收錢櫃檯只有一個，櫃檯人員反應又慢，點餐機隊排到二樓用餐區才知道要用櫃檯幫忙點餐，光排隊就氣飽，點餐機也爛，選擇主餐後要點套餐，居然不是讓你選配餐形式，而是跳出加價購選項，是嫌隊伍排隊排不夠長？薯條也是裝的鬆鬆散散，目前遇到最爛的麥當勞分店。
 spring Cheng ,https://www.google.com/maps/contrib/105193626478217774872/reviews?hl=zh-TW,1,False,5,"全台灣最貴的速食店，也最不人性化就是麥當勞了！顧客抱怨也從未改善的態度也屬之最！！最差勁的就是飲料從不「封口」，好歹也用膠帶貼ㄧ下都沒有！東西賣那麼貴，連「封口機」的成本也沒有嗎…！？
要顧客每次提回家不是翻倒就是小心翼翼！
真的很差勁！早餐店都有封口機！真諷刺的麥當勞！！
一間自栩速食店的龍頭，連路邊攤都不如！
明明大排長龍，員工還能邊工作邊聊天…這是不是出餐慢的主因之一⋯⋯？主管沒在管嗎？、員工也不自律！好像排一堆人表示生意好..？真象是…員工素質差！"
 YU ,https://www.google.com/maps/contrib/104107831071636429147/reviews?hl=zh-TW,2,True,46,"品質很不一定欸😵‍💫😵‍💫
外帶中薯今天給超少"
 15oz ,https://www.google.com/maps/contrib/100304026829662623865/reviews?hl=zh-TW,1,False,7,"薯條剛拿出來就這個份量
兩份套餐的薯條都是
這是在省什麼....

一份裝成兩份？？而且不是第一次了"
 施筱麟 ,https://www.google.com/maps/contrib/118424342641645517775/reviews?hl=zh-TW,4,True,198,服務員應該是擔心老太太不會操作機器，直接就帶到櫃檯人工點餐。今天難得點了大麥克不加醬及酸黃瓜，真是一言難盡，原來牛肉堡的原味竟是如此複雜?確定下回吃安格斯牛吧!用餐環境不錯還有加隔板，也沒什麼喧鬧吵雜的聲音，洗手間無異味就是垃圾桶有一點兒滿，丟張衛生紙得小心翼翼像玩桌遊疊疊樂的心情。員工服務態度算不錯，我在櫃檯照漂亮的菜單卻被告之禁止照相，也沒叫我刪除，既是開放性廚房為何不能照相?怕洩露什麼商業機密嗎?
 Chang Maverick ,https://www.google.com/maps/contrib/115569598355599480060/reviews?hl=zh-TW,1,False,1,"大薯給中暑的份量，這樣很不ok
人家喜歡吃薯條的結果給我這麼少
不想再去石牌的麥當勞買了"
 receiver_bot_032 ,https://www.google.com/maps/contrib/117533869238233180479/reviews?hl=zh-TW,1,False,3,"我知道設置點餐機可以增加客人同時點餐不需要都排隊點餐進而方便節省一點時間
但是應該沒有必要那麼制式的好像點餐機有人就只能去櫃檯吧？有些人就是需要時間做選擇去櫃檯直接在那邊選擇障礙也讓人很有心理壓力欸
員工訓練可能需要再加強一下因為讓人感受很糟很像被逼迫著去櫃檯都還沒決定好欸將心比心好嗎
然後薯條竟然沒有加鹽巴我又不是點去鹽薯條
總之，很爛，比其他麥當勞爛，呵呵。"
 崔澈糖 ,https://www.google.com/maps/contrib/102686828438012302017/reviews?hl=zh-TW,1,False,10,"麥當勞新的黑色紙袋超級爛
比原本的紙袋還爛
提著兩個紙袋跟一杯飲料
另一隻手拿個東西走沒幾步靠近飲料的紙袋邊就破掉了？
提到家之前冰炫風的袋子底部也破掉
只能放在另一個紙袋上用捧的
漏一堆出來，害東西也不熱了
這麼容易破連紙巾都不墊一下嗎？？？"
 CC Yang ,https://www.google.com/maps/contrib/104640787915044646771/reviews?hl=zh-TW,1,False,2,每次外帶都少東少西的，上次少給雞塊，這次買四個豬滿堡加蛋，給三個少一個是怎樣！員工太忙，難以信賴，記得要自己再檢查。
 Mandy Wu ,https://www.google.com/maps/contrib/100018679885893843728/reviews?hl=zh-TW,2,True,19,"每一次去購買，都發現薯條品質出餐不一
不是乾到、油到、就是軟到哭。
還有份量不一（真的如同其他評論一般）

新品的蜂蜜奶茶有徹底攪拌，到攪拌棒沒有出現蜂蜜為止～
但喝起來卻跟水一樣稀
有喝過別家門市的，都很甜～（原來是別家門市比較佛）

石牌這家真的不知道品控出甚麼問題
希望可以改善～"
 MinLian Aisingioro ,https://www.google.com/maps/contrib/108341843356665379141/reviews?hl=zh-TW,1,False,2,7/29中午在點餐機前的女性員工，妳不知道不可以隨便碰客人嗎？妳要維持排隊順序，妳也應該告知客人排隊的位置吧！一堆人擠在取餐區，剛進來的客人應該知道誰在排隊嗎？後來進店的客人，也沒看妳告訴他要怎麼排吧？點餐機也設那麼久了，不要以為每位客人都不會使用！妳應該被分配到更可以增加製餐效率的位置，不是在門口當督導！
 徐芸莤 ,https://www.google.com/maps/contrib/110807507122480362838/reviews?hl=zh-TW,1,True,19,我當然也知道可以使用點餐機，但是就是只有兩台，然後櫃檯沒人排隊，所以直接至櫃檯，結果我問說是否能直接在櫃檯點餐，又說排在我後面的人要結帳，非得要我到點餐機，浪費時間，也不明白李姓主管是因年資久還是什麼原因這樣為客人服務！
 陳冠甫 ,https://www.google.com/maps/contrib/110328378642129008461/reviews?hl=zh-TW,5,False,6,6/25號晚間11點多用UberEats訂餐，當餐點送達時少了袋子跟薯條，然後跟外送平台反應，聯絡外送員之後還是沒解決，上平台想說再點一份薯條但剛好顯示打烊，想說打到貴店看看有沒有解決方法，沒想到他們馬上幫我們查了訂單然後馬上幫我們送過來！吃麥當勞怎麼能少了薯條，補送比退費有意義的多。
 jojo c ,https://www.google.com/maps/contrib/112590679278853013280/reviews?hl=zh-TW,1,True,181,"熱門時間一早遇到前面操作的機器的年輕笨蛋客人也不來協助操作，任由笨蛋在那慢慢操作十幾分鐘耽誤後面上班時間，麥當勞人力分配不當。爛

是不是笨蛋慢慢操作可以幫妳們爭取出餐時間，建議好好改善點餐區的問題"
 吳崇彥 ,https://www.google.com/maps/contrib/104133183413545692667/reviews?hl=zh-TW,3,True,495,"一樓點餐與取餐的空間太小，雖有電子螢幕自助點餐，但小小的空間擠了10多個人，還有外送平台的人進進出出，擁擠程度可想而知！

##以上是個人的消費心得分享，實際感受因人而異，僅供參考！"
 Kat He ,https://www.google.com/maps/contrib/114267077058580542846/reviews?hl=zh-TW,2,False,3,點餐櫃檯前面完全沒人，就一個工讀底迪站在前面，想要外帶一個蘋果派還是被強迫要使用點餐機，啊弄到最後還不是要去櫃檯結帳，不懂
 克拉克 ,https://www.google.com/maps/contrib/117552259322354671518/reviews?hl=zh-TW,1,True,188,不到500元的單，12:35付款，中間也催了兩次，12:56才送餐還送錯。以麥當勞來說服務不及格
 TIM SHEN ,https://www.google.com/maps/contrib/115747860153625502165/reviews?hl=zh-TW,1,False,3,連續兩天外送都給我做錯餐點。兩次都點脆薯雙牛第一次來塞滿噁心酸黃瓜的「雙層吉士牛」第二次給我「柚香脆雞」？？？？吃一次脆薯雙牛有這麼難嗎？
 Dobermann U ,https://www.google.com/maps/contrib/114906096753670537646/reviews?hl=zh-TW,3,False,35,商品不錯，點餐與員工作業區略小，導致員工作業情形感覺有些紊亂。點餐人員一連疏忽確認幾位客人的內用或外帶？
 WT Kao ,https://www.google.com/maps/contrib/106166248888759147076/reviews?hl=zh-TW,3,True,43,現場只能用櫃台前方的自助點餐機(共2台)點餐，不提供櫃台點餐，但可透過櫃台結帳。櫃台前方的空間很狹小，排隊點餐、等餐的人都擠在一個小區域，所以要盡量避開用餐尖峰時段，因為附近有臺北健康護理健康大學，常有學生來用餐。
 巫志宏 ,https://www.google.com/maps/contrib/107889870239372437392/reviews?hl=zh-TW,1,False,14,店裡面有兩台點餐，收錢櫃檯只有一個，不想碰點餐機，現場排隊點餐，卻被要求先幫後面點完餐的結帳，再輪到現場排隊點餐的？那安份排隊點餐的人是87嗎？
 林娜娜 ,https://www.google.com/maps/contrib/109287003190812863196/reviews?hl=zh-TW,1,False,5,店面狹小，排隊跟等餐動線亂七八糟，還硬是要求使用點餐機，啊我就什麼都行動支付都沒帶，直接去櫃檯點不是很好嗎？硬要叫我使用點餐機，然後再去櫃檯付錢，還不是一樣(¬_¬)
 陳重諺 ,https://www.google.com/maps/contrib/108358588421699814474/reviews?hl=zh-TW,4,True,51,"主要為三層樓，由於空間配置的問題，一樓是沒有座位的。
自動點餐機兩台，收銀台兩個（常用的看起來是一個）
店員也會主動到自動點餐機看狀況，蠻貼心的。

另外因為靠近北護跟榮總，人群結構是以這兩者為大宗。"
 Bella Bella ,https://www.google.com/maps/contrib/114927010988147658444/reviews?hl=zh-TW,2,True,111,"2022年8月
Uber點餐有買塑膠袋方便外送，但4杯飲料卻沒有被裝袋，這樣好像失去買袋子的意義

9個月前
現場強迫自助點餐，櫃台不能點，感覺想訓練客人自己點餐。振興餐或買一送一等特殊餐點有特別點法，很多人不清楚，卡很久之後，最後還是要服務人員幫忙，導致一樓小小空間擠一堆人，完全沒有社交距離。雖然櫃台服務人員很親切，但要消化人潮的話，還是建議店長考慮櫃台點餐比較實際。

外送餐點總是很快送到，所以早餐送到時薯餅還很脆。不過玉米濃湯真的很稀！"
 阿義 ,https://www.google.com/maps/contrib/109063042500970750145/reviews?hl=zh-TW,1,False,8,不用點餐機變成次等公民，排隊點餐時不讓你點，要等到後面沒人用點餐機付款時才願意幫你點餐。
 ZongHan Du ,https://www.google.com/maps/contrib/102671383801687382669/reviews?hl=zh-TW,3,True,137,"石牌小小的麥當勞，
負載了榮總跟附近學校的速食量能，
尖峰時刻人非常多，基本上內用位置也不夠"
 沈祐陞 ,https://www.google.com/maps/contrib/100058626231742307827/reviews?hl=zh-TW,5,True,212,身為麥香魚粉，怎能不給讚
 Bill Lin ,https://www.google.com/maps/contrib/105960047851330689472/reviews?hl=zh-TW,1,True,169,"點餐機排隊一直到2樓
只是要兌換點數商品
明明櫃抬點餐區可直接處理
卻要求去二樓排隊用點餐機
足足等了15分鐘
真是爛透"
 Chin-Ying Lin ,https://www.google.com/maps/contrib/101142230402041606558/reviews?hl=zh-TW,2,True,76,"只有三樓可以洗手，要吃薯條的時候很不方便。
去鹽薯條，拿到的時候是涼的。"
 kate gray ,https://www.google.com/maps/contrib/109899074431641725753/reviews?hl=zh-TW,5,True,122,因為內用在二樓，一樓還讓我暫放嬰兒車，真的很感謝，大家態度都很親切，謝謝你們！
 徐木和 ,https://www.google.com/maps/contrib/105117026647174521476/reviews?hl=zh-TW,1,False,6,自取外帶，東西到家後全灑在我包包裡，，飲料跟冰淇淋全都沒法吃了，就不能幫我封口嗎？？？？？？？
 汪小小 ,https://www.google.com/maps/contrib/108681706777198550940/reviews?hl=zh-TW,5,True,395,小時候的快樂回憶，都在麥當勞，，數十年如一日，品質保證口味耐吃，讚讚讚！…♡o(￣▽￣)ｄ♡Great♡…
 林家成 ,https://www.google.com/maps/contrib/118124578728728272144/reviews?hl=zh-TW,3,False,6,環境還不錯可是外帶飲料蓋沒蓋好回家只剩半杯
 鄭伊芳 ,https://www.google.com/maps/contrib/110789013093046512867/reviews?hl=zh-TW,1,False,6,買過兩次，兩次薯條的量都只有這樣！真的很生氣耶！附近區域的麥當勞，薯條拿到的量都這個的兩倍，太過分了！
 李若瑜 ,https://www.google.com/maps/contrib/106633030212209639488/reviews?hl=zh-TW,1,False,4,這是怎樣叫熊貓後發現兩包大薯都是中薯的量，打電話過去麥當勞，竟然還回我說因為現炸只能盛這樣，我相信熊貓送餐速度是非常快的，那至於我為什麼吃到已經涼掉又很乾澀，另我很無解，也沒有要賠償的意思，就直接丟一句要我去熊貓客服申請退款或補優惠卷？？？？？？
 閔盛 ,https://www.google.com/maps/contrib/112697731096000443681/reviews?hl=zh-TW,1,False,2,垃圾店可以收一收了我點鮮蝦安格斯堡只給我安格斯是怎樣我的蝦呢？？偷吃掉了？！。點熊貓也是點雞塊都標註要糖醋醬了還是不給糖醋醬是怎樣？糖醋醬缺貨？阿怎麼現場買就有
 李士璽 ,https://www.google.com/maps/contrib/107972571335041632714/reviews?hl=zh-TW,1,False,5,"這是大薯嗎～怎麼店面整修完第一天還有薯條也整修了的問題呢？量大約比小薯多一點點而已耶～～
買回家約5分鐘路程而已呢，絕對不是什麼薯條變軟塌陷或其他自然問題囉⋯⋯很明顯是少放～～～～～～很多很多，日後請改善呦我會再光顧滴🤗"
 今年夏天 ,https://www.google.com/maps/contrib/110321577802181294281/reviews?hl=zh-TW,1,True,37,店很小，點餐機點餐等半天，路邊難停還很容易被開罰單，建議去附近的承德店有得來速還好停車。
 陳淑鈴 ,https://www.google.com/maps/contrib/114480620844473132556/reviews?hl=zh-TW,1,False,3,現在變成機器點餐，點餐速度變得非常慢，人都擠在裡面，點餐區大概就有6-7個人😡⋯完全沒有社交距離！！！！餐點大薯，份量非常少！！
 E C ,https://www.google.com/maps/contrib/117791434739794973742/reviews?hl=zh-TW,1,False,5,搞機器點餐是要省時省工，結果本末倒置讓客人擠在小小的店面裡，原本5、6個客人就顯擁擠的空間，塞了近20位客人一路隊到二樓樓梯，再加上外帶平台送餐員，來買餐點被逼著群聚，爛店
 John Shen ,https://www.google.com/maps/contrib/110405274768253492685/reviews?hl=zh-TW,1,False,11,點兩個單點大麥克，下大雨排隊外帶竟然只有一個在袋子裡，單點大薯條只有半包
 Han Chen ,https://www.google.com/maps/contrib/104866346235560127553/reviews?hl=zh-TW,1,False,1,"去過四五次了每次去點薯條都是冷的而且還沒什麼味道還以為點到去鹽薯條
點炸雞腿也是溫溫冷冷的超噁
這家真的是我吃過最難吃的麥當勞
服務不行餐點也不行"
 CHEN鍾大 ,https://www.google.com/maps/contrib/109047409660456980790/reviews?hl=zh-TW,5,False,38,每次在榮總開刀禁食前都會來吃，而且這次開刀前吃，都是現炸的食物，刀開的很開心也恢復很好👍
 Alwayshappy Tsai ,https://www.google.com/maps/contrib/117167398659682035579/reviews?hl=zh-TW,1,True,19,"加大杯的玉米濃湯超稀有只有總共不到5顆的玉米！
稀到覺得是被加水的感覺！"
 J K ,https://www.google.com/maps/contrib/105889617408991699171/reviews?hl=zh-TW,1,True,89,用餐時間排隊排的亂七八糟，還好不常來
 Jason Hu ,https://www.google.com/maps/contrib/103804228849917756309/reviews?hl=zh-TW,1,False,53,6/2晚上八點結帳的男店員，態度十分糟糕，沒有熱誠，結帳我表示用街口支付，沒有好好指示刷條碼的位置，而是很不耐煩的摔條碼機
 IH L ,https://www.google.com/maps/contrib/101617264217666582742/reviews?hl=zh-TW,5,True,154,麥當勞現在都用機器點餐，客人不熟悉在機器前太久，服務人員都會主動協助客戶
 莊來發 ,https://www.google.com/maps/contrib/103876235116356270985/reviews?hl=zh-TW,4,True,35,這家賣當勞服務超快，態度親切，有點餐機付費，刷卡，櫃檯結帳皆可很方便，讚！
 Emily Kao ,https://www.google.com/maps/contrib/117840766188042995983/reviews?hl=zh-TW,1,False,9,有夠爛，尖峰時段，現場已經擠一堆人，機器就夠慢了，人工點餐也慢條斯理，是在拖誰的時間。
 Jin Lin ,https://www.google.com/maps/contrib/100557571959618629126/reviews?hl=zh-TW,1,True,35,薯條軟爛到像泡過水，不要求您們現點現炸，但請不要把有人棄單的薯條直接給別的客戶好嗎
 CHEEAN CHUEH ,https://www.google.com/maps/contrib/107373112709684679669/reviews?hl=zh-TW,1,True,54,"整間店管理組都很糟糕
如果是店經理糟糕那更無可救藥
底子不行你不夠強
待過最爛的店"
 弦 ,https://www.google.com/maps/contrib/113591999367581210636/reviews?hl=zh-TW,5,False,13,"公告6/2313：00起進行改裝，預計7/296：00起正式營運。
特地來買麥當勞看到這公告，想買外帶麥當勞的人最近只能去別間門市了。"
 諸天兵 ,https://www.google.com/maps/contrib/104944891417731500801/reviews?hl=zh-TW,4,True,"1,956","空間不大、明亮清爽、服務親切、廁所乾淨
2021.10.02重新裝璜電腦點餐"
 Cao Iverson ,https://www.google.com/maps/contrib/105460458623869186006/reviews?hl=zh-TW,1,False,6,漢堡都亂包，菜撒的到處都是，還泛黃
 Hobee ,https://www.google.com/maps/contrib/106374887779888849877/reviews?hl=zh-TW,1,True,56,這間店的主管到底有沒有在管？一堆人擠在裡面，然後只有一個人在包，內用和外送全擠在一起還沒人肯出來幫忙包？然後點個餐超過半小時還出不了餐，等一杯奶茶可以等20分鐘奶不出來！這間不是老店嗎？你說客人的我要等沒關係，但人多你們還只派一個人在包？裡面的人都不幫忙？問了也不理人！叫客人等很久又不回應有吝嗇不多找人幫忙出餐，後面廚房又出了一堆餐點沒人包，叫客人看起來很認真很負責動作好快這樣？
 大老師 ,https://www.google.com/maps/contrib/101408496312978870646/reviews?hl=zh-TW,5,False,10,比起其他家麥當勞這家的餐點明顯有比較好吃
 chin chin ,https://www.google.com/maps/contrib/101004229586994901650/reviews?hl=zh-TW,5,True,27,"在醫院陪病時幾乎天天來買，尖峰時段人很多，認真建議麥當勞
學學漢*王、肯*基使用線上點餐系統，客人再依約定的時間前來取餐就好，不然一樓常常人滿為患，疫情期間很難保持距離。"
 sophie Chen ,https://www.google.com/maps/contrib/109084536698726696361/reviews?hl=zh-TW,1,True,416,環境窄小門口分流管控糟透了，一堆Ubereatandfoodpanda擠得滿滿滿，沒有落實安全社交距離。
 孟 ,https://www.google.com/maps/contrib/112536436501862002747/reviews?hl=zh-TW,4,True,88,點餐、取餐區太小，塞滿了人。點餐現在只能用機器點餐，又只有兩台點餐機，點餐速度變得很慢。但廚房人力足夠，出餐的速度非常快速
 Mayson Chiu ,https://www.google.com/maps/contrib/114603186789544231547/reviews?hl=zh-TW,5,True,260,"一樓有兩個自助點餐系統，可以自己選擇要的餐點，然後用行動支付付費，非常方便。
店內環境乾淨，大片落地窗撒下陽光，坐在窗邊聽著音樂，吃著滿福飽，優閒的開始美好的一天，就從這裡開始！"
 李建峰 ,https://www.google.com/maps/contrib/111387430462541424851/reviews?hl=zh-TW,2,False,16,好幾次買大薯時看到好像快滿出來了，但是那是一個錯覺，因為包裝的底部都是空的，下次買薯條時敢再給我底部空空上面看似快滿出來時，我一定會投訴到麥當勞總公司去，跟分店的主管反應根本沒啥屁用，說實在的現在的麥當勞的大部份的員工不管是主管還是服務員都一樣，薯條隨隨便便的搖進薯條包裝盒就好了，根本就沒有依照公司的規定給顧客足夠的量。
 狩月 ,https://www.google.com/maps/contrib/100013453463736532295/reviews?hl=zh-TW,1,False,7,剛拿到的薯條居然是冷的...?
 Boren Chai ,https://www.google.com/maps/contrib/108428252479558692492/reviews?hl=zh-TW,5,True,191,送餐服務有改善，早上的女店長服務很快，反應燒焦的無敵滿福，立刻送一個上來還附外帶袋
 Joey Li (野人二号) ,https://www.google.com/maps/contrib/101456216514040903789/reviews?hl=zh-TW,4,True,316,空間有點小但人超多的，位子也有點髒
 陳世川 ,https://www.google.com/maps/contrib/110248016228560147951/reviews?hl=zh-TW,4,False,8,出餐速度快，用餐環境還算Ok~
 林佳蓁 ,https://www.google.com/maps/contrib/101615018368352179353/reviews?hl=zh-TW,5,False,10,"很喜歡這間麥當勞的咖啡
服務人員態度很好
即使很忙也很有禮貌"
 C H ,https://www.google.com/maps/contrib/100249580300762448687/reviews?hl=zh-TW,1,True,218,早餐時段已經來過這間麥當勞三次，都是給同一位女性服務員點餐，音量已講得蠻大聲但總是接二連三聽錯點餐的內容，且找錢也找錯，回覆她我正確的點餐內容還會受到不耐煩的回應😰不會想再來這間消費
 air Wang ,https://www.google.com/maps/contrib/114821080429000275600/reviews?hl=zh-TW,1,False,4,明明櫃檯沒人，卻強迫客人只能用自助點餐機點餐，簡直荒謬。
 cool wind ,https://www.google.com/maps/contrib/110123467500195390261/reviews?hl=zh-TW,4,False,60,出餐算快的。比以前好多了！還有內送服務。可惜今天的薯條大有問題，是換了供應廠商嗎？
 LuCKy MaRUko ,https://www.google.com/maps/contrib/118034206939845261899/reviews?hl=zh-TW,5,True,641,這裡的服務真的是太棒了👏👏👏
 陳斌 ,https://www.google.com/maps/contrib/112879075690125810713/reviews?hl=zh-TW,3,True,169,一樓店面格局太小，櫃檯點餐都沒有了。電子化點餐雖進步，不是一句話請電子點餐。建議服務員幫忙處理，會增加進度
 Connie Ho ,https://www.google.com/maps/contrib/114697434902468995060/reviews?hl=zh-TW,1,False,30,今天12/6日早上在麥當勞石牌店站櫃台年紀最大的女店員，毁了麥當勞優質親切的形象，她真的是一顆老鼠屎。因為我排在前面第一次使用熊好劵較不熟悉而正在結帳，她明明可以幾秒鐘協助我完成使用，卻讓我一直問愛理不理，還叫我等等，我沒完成就杵在那裡，她另一方面又在結帳下面幾個客人，眼看客人越等越多，這樣有比較快嗎？我心中真的懷疑為何不先解決我的問題，讓後面點餐的人更流暢不致擁擠，她為何沒有專業職業態度，她是造成石牌店點餐速度慢的源頭，公司用這種員工有損商譽。
 周豊智 ,https://www.google.com/maps/contrib/106001915166642873958/reviews?hl=zh-TW,4,True,810,人潮非常多生意好，樓上座位多，環境清潔乾淨。
 曾鈴惠 ,https://www.google.com/maps/contrib/105477747858474572451/reviews?hl=zh-TW,4,True,167,榮總附近，店面不大，有廁所，內用位不多
 Ric Chiu ,https://www.google.com/maps/contrib/109595773881193263401/reviews?hl=zh-TW,5,True,822,服務較其他分店優異，環境也不錯，最近用Ubereat訂購薯條仍保持如現場般酥脆。
 Dana TW ,https://www.google.com/maps/contrib/106801987279336142947/reviews?hl=zh-TW,2,True,86,"改成自助機的確取餐速度有變快
機台也漸漸進步到能直接掃商品卷有優惠餐點能選擇
但還是會遇到點完還是需要去櫃檯的情況就會讓人覺得為什麼不一開始在櫃檯完成就好還有自助機讓大家用手指點來點去其實蠻不衛生的也希望年長者機台操作有困難的話就直接引導到人工點餐
例如：要使用商品卷及App優惠卷，先在自助機掃完商品卷，還要到櫃檯兌換App優惠卷"
 Scott Wei ,https://www.google.com/maps/contrib/112162318737917021401/reviews?hl=zh-TW,5,False,8,近榮總吃膩院內可以出來透個氣
 Ryan Chen ,https://www.google.com/maps/contrib/106287604930075337776/reviews?hl=zh-TW,1,True,24,"這間麥當勞是去過的麥當勞裡面最雷的一家

1常常忘記餐點、漏東漏西：

(1)一次買四個漢堡只有三個，加購價的雞塊也沒有給到
(2)兩次少給到薯條

建議買餐點多的大訂單一定要現場檢查
有了第一次漏給經驗後，每一次跟店員確認，都說餐點齊全
但後續至少我本身就碰過5次以上
補救辦法就是他們送過來，通常還要等一陣子才會送到，感覺已很差

2薯條常常是冷的、軟的

3服務人員態度不佳，基本上有年紀的還比年輕人態度差，我消費，店員還問點餐人員說：我「又要」什麼？？？

總結
要不是家裡附近只有這間麥當勞
真的不會再去，花錢還要受氣👎🏻"
 Andrew Chen ,https://www.google.com/maps/contrib/101652193656532137194/reviews?hl=zh-TW,1,False,5,一些店員素質差，人一多就在那臉臭，不爽做服務業不要做啊，還跟老先生不客氣地說話，員工訓練做好很難嗎？搞什麼飛機阿
 習近平 ,https://www.google.com/maps/contrib/111391099642868389203/reviews?hl=zh-TW,5,False,5,"外帶餐點給錯
打電話反應後
立刻請人外送到家
很有誠意"
 碎。翎 ,https://www.google.com/maps/contrib/117957868966635553396/reviews?hl=zh-TW,1,False,6,"多次於熊貓訂購這間店的外送
升級大薯跟中薯的量根本沒兩樣
如果不處理，將向消基會提告欺騙消費者"
 YI-HSUEH LU ,https://www.google.com/maps/contrib/115907127416984498225/reviews?hl=zh-TW,1,True,68,什麼破薯條給那少到爆的份量，前面幾個在玩點餐機搞了十分鐘就算了餐點跟垃圾一樣全台最爛麥當勞大概就這家
 Captain Teemo ,https://www.google.com/maps/contrib/116175732539858533518/reviews?hl=zh-TW,5,True,125,"很棒的麥當勞，沒錢開房間的小情侶適合來這邊用餐，而且四樓常有女生幫男生吸蛇毒，非常的觸動人心，有情有義的人不多了。
看那男孩的表情多麼銷魂"
 楊健顥 ,https://www.google.com/maps/contrib/102410550255872055374/reviews?hl=zh-TW,3,True,5,出餐速度快，海陸雙星堡不錯吃，但整潔度尚待加強，還有我已經吃了超過三次涼掉的薯條了，蘋果派盒子不是會寫到時時間嗎？食品的維持時間可能需要加強喔
 王阿 ,https://www.google.com/maps/contrib/112369900971138405155/reviews?hl=zh-TW,1,False,4,"用送餐服務還要自己去提醒店員嗎？
3/19中午時段的人會不會太誇張
不去提醒的話直接放在櫃台放到爛都沒人理"
 wu joan ,https://www.google.com/maps/contrib/113068967167365790751/reviews?hl=zh-TW,4,False,8,"位置蠻少的！
中午用餐時間人很多！"
 V S ,https://www.google.com/maps/contrib/107337382738526499870/reviews?hl=zh-TW,1,False,8,"麥香魚定兩層的給一層
等一小時補送"
 漢克探索中（HankExploring） ,https://www.google.com/maps/contrib/118206233725636653771/reviews?hl=zh-TW,3,True,275,"1.點餐順序疑似未經管理，漢克見過的規則包含：
（1）甜心卡仍須到自助點餐機先點餐再到櫃檯付款。
（2）使用甜心卡到自助點餐機點餐後，要到櫃檯結帳，才發現排在後面的顧客已經排在櫃檯前面直接點餐。
（3）兩台自助點餐機排隊順序不明，後面進來的顧客可以搶著另一台點餐機，比前面顧客早使用到點餐機。
只能說點餐感受非常不好，空間又狹小。
2.有三層用餐區
3.薯條好吃
4.還在麥當勞點套餐嗎？如果你想省錢或追求CP值，搜尋「麥當勞漢克」，可以找到一片天"
 林麗華 ,https://www.google.com/maps/contrib/107297909983380550853/reviews?hl=zh-TW,5,True,127,服務人員態度非常親切，熱誠又ˊ主動積極，環境整潔明亮。
 帥哥 ,https://www.google.com/maps/contrib/104409723234648149123/reviews?hl=zh-TW,1,False,9,買玉米湯杯蓋也不蓋緊湯流出，這很讓人生氣，在不同店遇到同樣問題，麥當勞在這一部份要加強訓練!
 許智翔 ,https://www.google.com/maps/contrib/115513058147326399921/reviews?hl=zh-TW,1,False,3,奶茶加糖後又沒給攪拌棒，人員素質不良
 Ling Tan ,https://www.google.com/maps/contrib/106735548581105616741/reviews?hl=zh-TW,2,True,"1,295",拿鐵用自動咖啡機……相同價位，不如選擇超商精品拿鐵會好些
 阿華田WSH ,https://www.google.com/maps/contrib/115695961823034396474/reviews?hl=zh-TW,4,True,276,用餐時間超擁擠
 Nicole Chang ,https://www.google.com/maps/contrib/116654286030368713069/reviews?hl=zh-TW,1,False,15,2／9下午去買外帶，粉紅色制服應該是幹部吧？服務態度很不耐煩，幹部都這樣了，難怪大家評論都不好，承德店感覺好多了。
 Meng Shan Lee ,https://www.google.com/maps/contrib/101173041971311599047/reviews?hl=zh-TW,2,False,9,薯條是硬的難吃🫠
 劉芸禎 ,https://www.google.com/maps/contrib/103530319069999418519/reviews?hl=zh-TW,4,True,46,服務人員親切，不過店內狹小，尖峰時段門口點餐結帳區會擠滿人很難行動
 Alan Lin ,https://www.google.com/maps/contrib/102565979981315220497/reviews?hl=zh-TW,1,False,10,來這邊幫女友買麥當勞，套餐飲料都會換蜂蜜紅茶，但5次裡大概有3次沒加蜂蜜⋯打開看連蜂蜜沉澱都沒有，是怎樣？？？還要加價⋯加心酸的喔！希望貴店可以好好教育員工，不要再漏東西了⋯⋯
 randy wu ,https://www.google.com/maps/contrib/114788963716400062183/reviews?hl=zh-TW,1,True,208,該店家門口酒精機器早已經沒酒精，座位上的梅花座間隔貼紙早已撕掉，可見這店只顧賺錢不落實防疫只是虛應客人。點完餐還會送錯我將就吃了，只有廁所還算乾淨。點餐還會送錯只好將就吃了。
 Amy Chen ,https://www.google.com/maps/contrib/117484342557697453669/reviews?hl=zh-TW,3,True,89,"小時候常去的麥當勞已經重新裝潢了環境舒適

但這個月有天早上去（星期四七點半左右）
想用櫃檯點餐卻被點餐櫃檯要求直接用點餐機點餐
櫃檯服務不是很舒服感受非常不佳

其他人員還不錯"
 陳柏弘 ,https://www.google.com/maps/contrib/104374689792396215210/reviews?hl=zh-TW,5,False,4,很適合偶爾來大吃一頓
 Hb H ,https://www.google.com/maps/contrib/114375998197681887141/reviews?hl=zh-TW,2,False,9,櫃檯只對自助點餐忙不停，就沒空理臨櫃單餐的客人，服務很差
 樂 ,https://www.google.com/maps/contrib/106493144839165773565/reviews?hl=zh-TW,1,True,31,遇過最雷的麥當勞，外送外帶都一樣爛透，連做餐飲的基本道德都沒有了？
 吳家增 ,https://www.google.com/maps/contrib/105464460493514709082/reviews?hl=zh-TW,5,False,5,服務人員親切，有效率非常棒
 Chen無語 ,https://www.google.com/maps/contrib/105197779536453554025/reviews?hl=zh-TW,1,False,7,剛剛用外送訂了第一次石牌店的麥當勞，結果發現肉質差連薯條都感覺放很久。不懂的是麥當勞不是都應該是統一水準嗎？怎麼跟德行店差這麼多？？
 謝阿貴 ,https://www.google.com/maps/contrib/117948282513702839818/reviews?hl=zh-TW,4,True,98,自助式點餐機讓很多人排隊，我想人工櫃檯點餐還是必須存在，比較有人情味，也能感受到服務人員的熱忱
 Vivian Hsiao ,https://www.google.com/maps/contrib/110755037546257568409/reviews?hl=zh-TW,2,False,9,"每次點餐都要排很久人都擠成一團
完全沒有社交距離！
早上內用某個員工幫我按機器點餐幫我選會幫我送到樓上但也沒跟我講要排隊還是直接上樓坐
我傻傻的站在那裡排隊
之後有另一個員工幫我送上樓
看起來很像是我的餐點於是我跟上去看
他態度很差的跟我說之後要記得拿號碼牌
（不是啊你們又沒跟我說！！
而且重點是我的餐點還少送了薯餅給我：）"
 丹丹 ,https://www.google.com/maps/contrib/106662992411431163833/reviews?hl=zh-TW,2,False,47,玉米濃湯大杯貴很多還只裝7分滿
 Konson Wang ,https://www.google.com/maps/contrib/114089197170287449551/reviews?hl=zh-TW,2,False,4,"看不出為什麼要強迫面版點餐，難道不知道數位落差？幾位長者就可以花十幾分鐘點餐,只是為了你們節省人力成本？"
 J.C Tsai ,https://www.google.com/maps/contrib/117656787034939196447/reviews?hl=zh-TW,4,True,22,排隊點餐空間較小
 黃志偉 ,https://www.google.com/maps/contrib/105885938515618785524/reviews?hl=zh-TW,3,False,86,"乾淨。服務好。
就是大門排隊辛苦，因店面短，
常常排得些許亂。"
 yaes111 ,https://www.google.com/maps/contrib/106465363359228792095/reviews?hl=zh-TW,3,True,159,"店面本就不大
卻硬要推自動點餐機
各式優惠券或兌換券又有獨特按法
導致動線不佳
人一多就整個卡住"
 李傑克 ,https://www.google.com/maps/contrib/114972158686621927556/reviews?hl=zh-TW,1,False,12,去過這麼多家麥當勞，沒看過有一家會把客人聚集在自助點餐機前，不給櫃檯點餐，然後店員發呆的麥當勞總公司不處理嗎？
 南方野兔Peko!! ,https://www.google.com/maps/contrib/116624113092893392383/reviews?hl=zh-TW,3,True,97,店面很小樓層有3層
 Paris Sun ,https://www.google.com/maps/contrib/112607437048742722516/reviews?hl=zh-TW,1,False,6,超爛強迫自助點餐浪費時間根本就沒有達到自助點餐機設置的意義員工都在發呆死不點餐請問這樣業績會比較好嗎？真的是不懂為什麼要強迫欸
 tdy4516 ,https://www.google.com/maps/contrib/110919038892779938805/reviews?hl=zh-TW,1,False,1,超級差，地方狹小，硬擠兩台自助點餐機強迫使用，內部擠滿等候點餐及取餐客人，完全違反防規定
 T Sharks ,https://www.google.com/maps/contrib/108858507114949760673/reviews?hl=zh-TW,2,True,73,自從天母麥當勞關了都得跑到石牌買這家店每次人爆多超不方便的天母麥當勞可以回來嗎？
 啟華陳 ,https://www.google.com/maps/contrib/108142020868583136153/reviews?hl=zh-TW,5,True,215,無敵滿福堡果真無敵好吃...滿足...
 伊帆 ,https://www.google.com/maps/contrib/108099862229932965470/reviews?hl=zh-TW,4,True,47,"店內空間較小，又鄰近醫院和學區
建議避免上下班時段內用，改以外帶較為合適"
 許仕麟 ,https://www.google.com/maps/contrib/116929779871954327555/reviews?hl=zh-TW,1,False,1,玉米濃湯玉米粒的量能不能好好掌控阿？一杯小杯的湯玉米粒有半杯這麼多，大杯的玉米粒仔細數數才14粒！！！才14粒！！！你們要不要管控一下啊
 19 MN ,https://www.google.com/maps/contrib/114606539883254029373/reviews?hl=zh-TW,1,True,58,明明已經貼保持社交距離在桌上，隔壁座位不能坐人，結果硬是有個高中屁孩，就是要坐😡😡😡，已經提醒也沒用，麥當勞餐廳能不能提出更有用的做法管一管？？
 簡聖華 ,https://www.google.com/maps/contrib/107643762782553788537/reviews?hl=zh-TW,2,False,39,因為是半開放式廚房，員工聊天的聲音遠比客人的要大聲很多，也因為這樣，本來對於這幾年麥當勞的產品品質不太喜歡了，員工如此水準更是...。
 陳建昌 ,https://www.google.com/maps/contrib/108290978387402144176/reviews?hl=zh-TW,1,True,55,雖然跟別的店差不多，可是服務態度並不好而且很現實，我跟店員及店長要温開水，因為要帶去台北榮總，我從台中市來台北榮總看眼睛，拜託麥當勞可以給有蓋子的杯子，店員及店長都說沒有，但是台中市任何一家麥當勞都會很親切的提供，因為要吃藥，沒有蓋子的杯子，萬一我帶去台北榮總不小心掉了，藥要在杯子理讓它融入，醫院的環保紙杯根本就沒有辦法
 Siangping Tsai ,https://www.google.com/maps/contrib/115905585265916558081/reviews?hl=zh-TW,2,True,61,"每次來買早餐都等很久，明明有其他店員卻好像沒事也不會幫忙出餐，漢堡做好了飲料還沒好也不會幫忙，咖啡機壞掉還讓客人點拿鐵結果說機器壞掉要等修好才出餐，退款壞其他飲品又動作超慢，建議趕時間或是想要期待速食的快速品質的人不要來這家。

而且常常忘東忘西之前還忘了給有蛋的漢堡....
要接外送的單的話不如收起來不要做現場單"
 TAP CHEN ,https://www.google.com/maps/contrib/107549148495834011603/reviews?hl=zh-TW,4,False,19,最近重新裝璜後，環境煥然一新，男生厠所改成坐式，另外有獨立小便斗2座，感應式水龍頭，很乾淨。
 tyh ho ,https://www.google.com/maps/contrib/109197778754506925212/reviews?hl=zh-TW,4,True,326,位置進台北榮總，附近店家眾多，時常車水馬龍人潮穿梭，店面稍嫌狹窄，為狹長型有三層樓，一樓無座位僅供點餐，二三樓座位不多所以時常滿座，三樓廁所倒是難得的較一般麥當勞的店寬敞，也乾淨。
 壽芙蓉 ,https://www.google.com/maps/contrib/117969404456012638784/reviews?hl=zh-TW,1,True,48,2021年底麥當勞送我的大笑話🥲
 艾瑞昌 ,https://www.google.com/maps/contrib/108103695783039287664/reviews?hl=zh-TW,3,True,276,地方小不好停汽車及機車，取餐人多時須等很久…
 Kerhwei Hwang ,https://www.google.com/maps/contrib/117280310618654040451/reviews?hl=zh-TW,3,True,67,雖然疫情管制放寬，或許是因為不是飯點，所以內用還是有座位
 林哲立 ,https://www.google.com/maps/contrib/105043256582846671602/reviews?hl=zh-TW,4,True,9,有三層樓，女廁維修中
 黃宥筑 ,https://www.google.com/maps/contrib/105663651039898758501/reviews?hl=zh-TW,1,False,3,叫了的大薯結果到家打開份量只有這樣，根本跟中薯差不多
 YS LIN (Daisy) ,https://www.google.com/maps/contrib/114559330986631990194/reviews?hl=zh-TW,4,True,82,店員很友善幫忙解惑
 まゆみMaYuMi ,https://www.google.com/maps/contrib/108674452371707431952/reviews?hl=zh-TW,1,True,166,這家都會把雞塊、勁辣雞腿、麥香雞的肉，放到超過麥當勞規定的時間，外皮變超硬超難咬超難吃
 李詩河 ,https://www.google.com/maps/contrib/101116187597774608131/reviews?hl=zh-TW,2,True,40,連機車都不好停
 KJ Wang ,https://www.google.com/maps/contrib/101614860758269100238/reviews?hl=zh-TW,2,True,81,"1樓場地小,點餐(機)排隊和取餐人潮交錯,外送人員偶來插花(隊),又要實名登記,買個餐點像要加入一場混戰;麥當勞又常有各式優惠活動,有些臨櫃才能結帳,這裡真有需要設點餐機嗎?"
 CG CG ,https://www.google.com/maps/contrib/110774113438406079111/reviews?hl=zh-TW,4,True,65,"平日中午
現場八位員工（一位外送，一位點餐）
大家搭配的非常有效率
內用
只是漢堡整個濕透了（可能因為美乃滋太多了？）
雞翅的皮也軟爛
但服務非常好
不像網路上說的那樣呀"
 郭孟秀 ,https://www.google.com/maps/contrib/118212609752529105656/reviews?hl=zh-TW,2,True,122,午餐時間11:00開始就外送員湧入，加上空間狹小造成客人候餐區與取貨區重疊無所適從;樓梯狹窄要小心上下白黑羊都是靠自己右邊;不是走在非騎樓紅磚道及行人專用道才是逆向避免被撞，搭捷運時2邊都能站好嗎？真的很急就早點出門或爬樓梯!
 Chi Yu ,https://www.google.com/maps/contrib/104834025984658329150/reviews?hl=zh-TW,5,False,9,很久沒來了，店員的服務都很優質，但這間唯一的缺點就是中午時人多到爆炸的機會很高😖
 Ming Chun Liu ,https://www.google.com/maps/contrib/110816804547318003307/reviews?hl=zh-TW,1,True,25,"4/22晚上23:25訂了foodpanda外送，點了一個六塊雞塊餐及一個十塊雞塊餐，正常來說應該要付「3個」糖醋醬，卻只收到「2個」糖醋醬！
糖醋醬要收費我是沒有意見，但應當附在附餐裡的總不能不給顧客吧？
糖醋醬是雞塊的靈魂，剩下幾塊沒醬沾的等於浪費掉了，一點都不好吃！"
 Fisho Sherry Yu ,https://www.google.com/maps/contrib/107168486137944255170/reviews?hl=zh-TW,3,True,124,"就是一般麥當勞，沒什麼特別，舊建築，乾淨程度⋯⋯勉強可接受⋯三樓沙發座椅幾乎破皮，該換了.......

吃了四～五次，即使不是尖峰時段，桌面也都不是很乾淨，可能生意真的很好，覺得打掃頻率可能要高一點⋯

自從天母麥當勞關店，這家算是離我家最近的一間，但實在太髒，寧願跑到高島屋或承德二店吃⋯"
 Felix Huang (Felix Huang 阿飛) ,https://www.google.com/maps/contrib/104671786912474466743/reviews?hl=zh-TW,5,True,57,甜心卡配1+1蕭貪一下
 Linda Wu ,https://www.google.com/maps/contrib/116176671623519936852/reviews?hl=zh-TW,3,True,172,服務快速親切，但桌椅較老舊，環境清楚需再加強。
 宗佑林 ,https://www.google.com/maps/contrib/113663774432978980309/reviews?hl=zh-TW,1,True,60,"出餐超慢，而且東西做錯又不齊，用餐體驗差
總共遇過兩次錯誤：
1.豬肉蛋堡沒放豬肉
2.忘記放小薯
請其協助卻消極處理，很久之後才修正"
 Hung Fang ,https://www.google.com/maps/contrib/103692954055793411313/reviews?hl=zh-TW,5,True,178,服務人員很忙碌，而且都很親切，即使在疫情防控措施繁瑣之下，都能很儘快的消化點餐的人群，下次可以再去。
 朱維克托利亞斯基 ,https://www.google.com/maps/contrib/100735674171419440213/reviews?hl=zh-TW,5,True,25,有個漂亮店員服務很貼心看到我們不太會用點餐機很主動來幫忙
 ICE ICE ,https://www.google.com/maps/contrib/113408012356303347856/reviews?hl=zh-TW,1,False,5,熊貓選項明明有糖醋包可以選卻沒給一直跟我說是雞塊才會給，那放在上面給人選幹嘛不會拿掉嗎，自己設定錯誤還一直堅持雞塊才有，放在上面給客人選就是會有吧如果雞塊才有就請把他拿掉不要給客人選
 夢天使 ,https://www.google.com/maps/contrib/112410758938297321354/reviews?hl=zh-TW,1,False,3,點餐都很正常，到了取餐的時候櫃檯小姐居然一直跟小孩子說話，結果就直接把我的單取消了，有夠扯害我在那邊空等。下次不來這間麥當勞了....
 Steve Hsu ,https://www.google.com/maps/contrib/105271448028983925683/reviews?hl=zh-TW,4,True,233,"店面很小，樓上位置還是有限。
我的可樂杯，就是這裡收集齊全。"
 王峰 ,https://www.google.com/maps/contrib/101540020515229234257/reviews?hl=zh-TW,4,True,86,真可惜一個插頭充手機都沒有
 凱莉 ,https://www.google.com/maps/contrib/111492465635332420217/reviews?hl=zh-TW,1,False,7,在這裡抽煙被環境保護局開了一張罰單，一開始我告訴環境保護局的開罰單人員，因為我沒有被開過，可不可以用勸導的方式。環保護局的開罰單人員告訴我不可以。因為麥當勞前面太多人抽煙亂丟菸蒂了，而且是麥當勞店家去環境保護局檢舉的。等開完罰單的時候，環境保護局開罰單人員告訴我政府太爛，做事配套都是半套，或是根本沒有做，才沒有設置吸煙區，既要賣香煙，又不讓人抽煙。他告訴我，剛才你不跟我說勸導，不然我就不開了。我在他開罰單之前，我告訴過他3-4次能不能勸導。他堅持重複說不行。等開完罰單之後，他才告訴我説，剛才你不跟我說勸導就好。現在罰單已經開下去了，無法更改了。真的是透過政府工作，開著人民的罰單，再領薪水。撒尿還要擤鼻子。嘴巴說台灣政府太爛，手裡卻還要開人民的罰單。從此之後，我都不去這家麥當勞了。
 He Johnny ,https://www.google.com/maps/contrib/101247585688184370142/reviews?hl=zh-TW,3,False,24,燒肉堡的肉.....跟照片會不會差太遠....
 王嘉政 ,https://www.google.com/maps/contrib/113069419702311370034/reviews?hl=zh-TW,3,True,198,空間小了一點，其他都一般
 黃怡芳 ,https://www.google.com/maps/contrib/118096395565354318498/reviews?hl=zh-TW,1,False,1,"爛透了⋯
常常點麥克雞塊餐都沒有給糖醋醬
不知道雞塊就是要醬嗎？
而去櫃台點餐人員態度超差
我都覺得我是欠妳錢嗎？"
 Hsiang-Chia Yu ,https://www.google.com/maps/contrib/100456675383132278455/reviews?hl=zh-TW,5,False,38,薯條給滿，100分！！
 Harold Lu ,https://www.google.com/maps/contrib/110440791776543266756/reviews?hl=zh-TW,4,True,101,我們可以很篤定的說，這需要花很多時間來嚴謹地論證。我以為我了解麥當勞，但我真的了解麥當勞嗎？仔細想想，我對麥當勞的理解只是皮毛而已。聶夷中講過，男兒徇大義，立節不沽名。他會這麼說是有理由的。看看別人，再想想自己，會發現問題的核心其實就在你身旁。費孝通在過去曾經講過，在父母的眼中，孩子常是自我的一部分，子女是他理想自我再來一次的機會。這似乎解答了我的疑惑。本人也是經過了深思熟慮，在每個日日夜夜思考這個問題。麥當勞必定會成為未來世界的新標準。透過逆向歸納，得以用最佳的策略去分析麥當勞。麥當勞的出現，必將帶領人類走向更高的巔峰。麥當勞的發生，到底需要如何實現，不麥當勞的發生，又會如何產生。
 陳小愛 ,https://www.google.com/maps/contrib/110947769819420778281/reviews?hl=zh-TW,1,False,44,廁所的酒精內有果蠅跟蟑螂😩
 mgmgdg agjgdgmg ,https://www.google.com/maps/contrib/105435005041677807385/reviews?hl=zh-TW,1,False,4,這是我體驗感最差的一家麥當勞，應該是我目前去過麥當勞最差的，出餐慢的要死10幾分鐘還沒差餐，員工態度超級差，傲慢，再也不會來這家店！爛店
 J in ,https://www.google.com/maps/contrib/115784437201077068230/reviews?hl=zh-TW,2,False,10,黑色袋真的Hen爛..裝一杯中杯飲料去冰有再提一層麥當勞塑膠袋提著發現黑色紙袋濕破了到家6分鐘不到的路程
 Mark Steven ,https://www.google.com/maps/contrib/107108879164583105203/reviews?hl=zh-TW,1,False,8,最近因為疫情關係，住在學校的我需要繞路走大門，就在我滿心期待走了2832步路之後回到宿舍後，打開這包大薯簡直是在跟我說驚不驚喜意不意外，沒有叫你鏟爆，至少也裝到我畫的那條線線上吧...
 糴家禾 ,https://www.google.com/maps/contrib/100352100391828299185/reviews?hl=zh-TW,1,False,1,"下班來到這間。買個點心吃
點個勁辣雞腿。要等20分鐘。我們也耐心等待。從開始要製作時。食材從冷凍拿出來。卻用丟的到機器中。製作好時放入袋子。送出來也用丟的。看到這樣態度。在好的食材。也沒有心情吃。如果不爽做。或是趕下班可以不要做。我們也是做料理的。同理心。。。。下次不會在來這間。。超差的態度"
 韓耀毅 ,https://www.google.com/maps/contrib/104387979789005833877/reviews?hl=zh-TW,5,True,36,很溫馨的環境，氣氛歡樂但不會太吵雜，如果住在附近想讀書的讀者（前提是：可以接受小聲的音樂和小聲聊天的顧客的話），這裡是一處不錯的選擇。（但請注意：深夜12點打烊哦）
 Kuan Wei Lin ,https://www.google.com/maps/contrib/117421145640745364583/reviews?hl=zh-TW,3,True,319,四層樓高，有遊戲區，充電座不多。
 se fu lee ,https://www.google.com/maps/contrib/105718467612615448117/reviews?hl=zh-TW,5,True,956,很好!服務人員很辛苦.凡是MD佬我评比都給5星以上。
 HSU ,https://www.google.com/maps/contrib/107689576160502145775/reviews?hl=zh-TW,1,False,6,環境經常髒亂、垃圾經常溢出。櫃台歸還甜心卡用丟的。穿著雨衣、戴著滴水珠安全帽的外送人員在廚房穿梭拿外送食物，有時還幫忙裝薯條或飲料（在雙手完全沒消毒的情況下），衛生管理沒有問題嗎？人員邊忙邊顧著聊天，交給客人食物時的態度好像在賑災。服務人員及麥當勞主管階層你們也會去日本旅遊的吧，不妨去看看日本麥當勞的待客態度及方式和環境清潔度。無意比較，但你們真的連以沒有服務精神出名的巴黎還不如。這是我在google評論發的第一條文字評論，如果不是忍太久，我是不願發負面評論的。
 Rolf Lee ,https://www.google.com/maps/contrib/100991486854489038052/reviews?hl=zh-TW,4,True,38,座位流動還算快速
 Terry Leu ,https://www.google.com/maps/contrib/103952594463953427689/reviews?hl=zh-TW,4,True,440,靠近榮總，這間店空間比較狹小，沒有得來速車道，1樓點餐的空間也很有限，用餐時間常常大排長龍，排隊到店門口外面，店舖的位置，也造成停車非常的困難，這些問題，可能只有換地點才能改善了
 MingChie ,https://www.google.com/maps/contrib/108575878947808442986/reviews?hl=zh-TW,5,True,91,有比較乾淨，新的點餐方式不太習慣，要適應一下。
 玉鳳 ,https://www.google.com/maps/contrib/111787985364786515862/reviews?hl=zh-TW,5,True,50,"地瓜薯條好吃
服務訊速"
 andy ,https://www.google.com/maps/contrib/113737316076028311239/reviews?hl=zh-TW,2,True,38,用優惠券送蛋捲冰淇淋，因為是跟很多朋友一起點當下也沒檢查單子，結果現在核對發票才發現蛋捲冰淇淋不是送的，有收錢，可能是店員不小心操作失誤，但我當下自己也沒檢查。。。去點餐的時候要記得檢查一下，可能會出錯
 Pippi Wang ,https://www.google.com/maps/contrib/116077688698926619897/reviews?hl=zh-TW,1,False,8,"店員永遠只有一人在作業
店都那麼小了
是要排到哪裡去
要不要關掉算了"
 Maggie Tsai ,https://www.google.com/maps/contrib/109369687379033129084/reviews?hl=zh-TW,2,True,102,叫號系統不能跳號，餐點未製作完成只能跳過號碼，服務人員沒法知道客人餐點，週末人多時點餐管理尚待改進
 Tony Yang ,https://www.google.com/maps/contrib/116988559148053979118/reviews?hl=zh-TW,1,True,25,真的要靠北一下這一間的麥當勞，我是傍晚的252號，又給我漏了六塊麥克雞然後只塞了糖醋醬在裏頭。今天一時趕忘了再現場對一次是我呆，但常常都漏東漏西是怎麼一回事，不是應該核對完明細再交給客人嗎?六塊麥克雞塊有這麼不顯眼嗎?
 Ann Lo ,https://www.google.com/maps/contrib/113984467640558432108/reviews?hl=zh-TW,1,False,6,🈶️史以來遇到最爛的麥當勞，點外送等了兩小時，打電話去問，明明沒出門還說出發了⋯⋯等了兩個多小時還少送餐點～～～到底是多爛的店啊⋯⋯
 蔡翔惠 ,https://www.google.com/maps/contrib/108966731417948048382/reviews?hl=zh-TW,5,True,166,快速的取餐，當日薯條剛炸起來很好吃👍
 show illumination ,https://www.google.com/maps/contrib/111995156834237051357/reviews?hl=zh-TW,4,True,151,早上都是幫小孩買早餐的媽媽爸爸，大排超龍，櫃檯人員很用心的講解超難看懂的點餐內容，總之，我還是不會點，為什麼換咖啡要加33元。
 廖盈翔 ,https://www.google.com/maps/contrib/107998435444072436879/reviews?hl=zh-TW,1,False,17,"每週日中午都會固定外帶消費
總是會遇到各式各樣的狀況

玉米湯蓋子沒蓋緊
霜淇淋少給
品項給錯
價格錯誤……等

第一線人員品質實在需要該店好好評估調整"
 政毅郭 ,https://www.google.com/maps/contrib/101289284246537157852/reviews?hl=zh-TW,1,True,105,服務人員態度普普，但這不是我給差評的原因，主要是服務人員不是很仔細，在拿我的薯條時，居然掉了幾根在地上，她也沒留意，我不好為了幾根薯條說她，只能在這裡留負評表達我的不滿。
 david tseng ,https://www.google.com/maps/contrib/109484162215830289962/reviews?hl=zh-TW,1,False,186,從小吃到大的麥當勞，陪伴我許多約會打屁看書的時光，但早班櫃台小姐非常勢利眼，只因為當天早上單點沒加點飲料，我還在收錢非常沒禮貌的就叫下一位點餐，是有這麼急嗎???
 曾郁祺 ,https://www.google.com/maps/contrib/104817947223310639765/reviews?hl=zh-TW,1,False,4,櫃檯點餐店員對點餐不熟練，領餐還少給漢堡
 RURU ,https://www.google.com/maps/contrib/106718608420910490923/reviews?hl=zh-TW,1,False,17,柳橙汁超稀，我以為我在喝白開水⋯薯條也半溫不熱、可樂的氣在有跟沒有之間，是我吃過最難吃的一間麥當勞，噢對桌子環境也很髒，承德路的麥當勞大勝，再也不想來了（怒）
 林仁謙 ,https://www.google.com/maps/contrib/105434061282112507269/reviews?hl=zh-TW,5,True,399,10/22中午1點左右時段去購買的，是吃過的麥當勞當中，石牌店的麥香魚麵包上方是極少數沒有壓痕的，品管很好，讚喔！
 陳嘉旻 ,https://www.google.com/maps/contrib/101813875491968396462/reviews?hl=zh-TW,4,True,302,每層樓位置不多，要一直爬，空間嫌小了些
 林正翎 ,https://www.google.com/maps/contrib/115744168872024239645/reviews?hl=zh-TW,1,False,31,只是說要奶茶但被擅自換成阿薩姆鮮奶茶，原本68元的早餐變成110元，還被店員態度不好的說，就喝喝看啊！早上後面排一堆人也不好耽誤其他人時間，就這樣被強迫推銷了，後來看了朋友抱怨，才發現同樣的手法讓很多人都被強迫推銷了，就是那位看起來四五十歲的女店員！
 pachingo hung ,https://www.google.com/maps/contrib/117587166186154343270/reviews?hl=zh-TW,1,True,69,只有一個櫃台點餐，後面排了一長排，這個店面設計真是爛透了！這還是速食店嗎？你搞個屁饑餓行銷啊！
 黃永瑞 ,https://www.google.com/maps/contrib/106234011296098931256/reviews?hl=zh-TW,4,True,244,一個令人悠閒的時光~
 鄭偉雄 ,https://www.google.com/maps/contrib/117901474761143568041/reviews?hl=zh-TW,3,True,332,"離台北市榮民總醫院200公尺，是一個附近來講吃飯比較舒服的地方，麥當勞的價格近年來不斷攀升，東西偷工減料越做越小,等於是賺雙倍，可是大家有沒有發現服務變差了，以前進入麥當勞服務人員總是笑臉迎賓，氣氛讓人覺得快樂，現在進入麥當勞看不到笑臉，制式化的歡迎光臨，有時服務人員的臉並不是很友善，點餐的組合餐的人員都是趕趕趕，好像點完了趕快組合給你快滾吧的意思!也就是說現在的麥當勞不再有服務的精神,麥當勞也沒有上服務人員態度的課程，一直以為是少數人員個人問題，最近三個月跑了將近20家麥當勞，才發現是普遍現象。"
 永 ,https://www.google.com/maps/contrib/113026883913414805598/reviews?hl=zh-TW,3,True,401,環境不是非常好，一樓非常擠，不過沒辦法，畢竟石牌要找到更大的空間應該不容易，餐點服務人員都沒問題
 Oscar Hsu ,https://www.google.com/maps/contrib/114020031698815132312/reviews?hl=zh-TW,5,True,590,屹立不搖的麥當勞，天母店倒了後，剩石牌路這家了，希望這家不會消失~
 Rainny Chang ,https://www.google.com/maps/contrib/116226620047559434833/reviews?hl=zh-TW,1,False,15,防疫期間，下班員工四五個聚在薯條區聊天且未配戴口罩，毫無服務可言，附近不到兩百公尺石牌夜市的陳季炸雞更好吃，更便宜，服務態度更好。
 陳鴻榮 ,https://www.google.com/maps/contrib/109674244164882316677/reviews?hl=zh-TW,3,True,75,"取消臨櫃點餐
改成自行電腦點餐
項目繁瑣年長者不易看懂
反而造成點餐時間拖長"
 西奧克里托斯 ,https://www.google.com/maps/contrib/102829881230367235529/reviews?hl=zh-TW,3,True,222,"非無障礙空間且樓梯狹窄
薯條切太細小，油過多(有點，，)

漲價沒有鬍鬚張撐竿跳明顯，卻悄悄一路漲，只要推出新品就會發現新菜單上許多基本款套餐又多了幾個銅板~溫水煮青蛙"
 Chunhsien Maverick Wu (野牛怪醫) ,https://www.google.com/maps/contrib/103323100431589977738/reviews?hl=zh-TW,4,True,755,這間店面空間雖然不大，服務人員相當貼心，不過用餐區在樓上需要爬樓梯
 不要問你會怕 ,https://www.google.com/maps/contrib/101788631101296873598/reviews?hl=zh-TW,1,False,15,11/9號早上十點半，看到一個穿制服的女經理吧，薯條才剛炸好掛起來不到3秒還在狂低油，就直接倒下去灑鹽裝起來給客人，薯條整個濕濕軟軟的的也沒有很金黃，趕時間也不是這樣吧，好歹也要把油低乾一點啊....
 潘慕明 ,https://www.google.com/maps/contrib/117177371695867678616/reviews?hl=zh-TW,2,True,26,餐點普通，炸雞炸太老變得皮太乾肉沒有汁
 F H ,https://www.google.com/maps/contrib/108317839011962641843/reviews?hl=zh-TW,2,False,12,"氣氛很不歡樂陰暗
桌子坑洞超多？
薯條也不好吃
是這輩子遇過最不討喜的麥當勞（含各國）
讓我第一次主動想評分麥當勞…"
 陳柏均 ,https://www.google.com/maps/contrib/103615091327252472339/reviews?hl=zh-TW,1,True,42,每次去這家外帶，總是幫客人點錯餐，或是少給，少怕了錯怕了要確認店員還會趕人叫你不要檢查，服務態度非常差，爛到不行，肯定是全北市最爛的麥當勞，不住附近千萬別來
 張樹仁 ,https://www.google.com/maps/contrib/106920687902349946488/reviews?hl=zh-TW,4,True,192,就是標準的麥當勞分店，一樓點餐空間狹小！
 張姿櫻 ,https://www.google.com/maps/contrib/106067285225319412400/reviews?hl=zh-TW,4,True,16,點了麥香雞套餐，含飲料、沙拉（我不吃薯條可替換）才99元，還滿划算的，現在隨便吃一餐都要上百元，若說唯一缺點是炸雞較鹹了些（不過這是個人口味較淡，也許有人認為剛好）
 鄭可真 ,https://www.google.com/maps/contrib/115100463299149359402/reviews?hl=zh-TW,4,True,957,1樓點餐區˙點餐快˙出餐快˙二˙三樓用餐區環境感覺乾淨˙˙客人走了˙服務員很快拿酒精擦拭桌子。
 Lin ,https://www.google.com/maps/contrib/103450838438081629321/reviews?hl=zh-TW,1,False,38,"服務態度非常令人反感
員工教育有待加強
回話另人很不舒服
我以後不會再這家訂餐了"
 Jeff Wei ,https://www.google.com/maps/contrib/103037130905230222846/reviews?hl=zh-TW,1,True,31,"去點餐的時候取餐單號289
店員完全漏單讓我們等了將近一小時
途中有詢問餐點是否好了
只回我稍等一下就被帶過
直到最後我們再去詢問
他的機器已經看不到餐點
跟我們要了明細才從餐台抓取食物放在袋子裡給我們
我們單完全被漏掉一句道歉也沒有"
 胡菀庭 ,https://www.google.com/maps/contrib/105399137987209450657/reviews?hl=zh-TW,3,True,181,店面較小，有時排隊較長，但店員動作快速，稍等一下就能拿到餐點。
 hsini liao ,https://www.google.com/maps/contrib/114497001853546043844/reviews?hl=zh-TW,4,True,180,改裝後新增兩台自助點餐機，並提供內用送餐至座位服務
 cheng hung Chang ,https://www.google.com/maps/contrib/117576117724422769642/reviews?hl=zh-TW,3,True,66,一樓空間很小，常常必須排隊到外面去，服務人員很熱心
 Jax Lin ,https://www.google.com/maps/contrib/113772803528767970454/reviews?hl=zh-TW,2,True,387,點完餐少給了一個漢堡，還好是內用，結果餐點放在櫃檯忘了給，飲料要去冰，結果滿滿的冰，早餐時間雖然忙碌，但是總共有九個工作人員，還會發生這樣的事情，真是不太應該…
 李文斌 ,https://www.google.com/maps/contrib/107013852973577412699/reviews?hl=zh-TW,2,False,12,我剛剛去買雞塊餐還有加點雞塊還有加點一加一，但他們卻沒有給我糖醋醬跟蕃茄醬
 albino Chang ,https://www.google.com/maps/contrib/112602895853272051440/reviews?hl=zh-TW,4,True,505,店員服務態度親切，取餐速度很快。
 Hsu James ,https://www.google.com/maps/contrib/112174713433931687563/reviews?hl=zh-TW,1,False,1,元旦第一天一早送完機回到石牌去麥當勞買早餐給家人吃那櫃檯點餐的服務人員昨晚跨年不愉快嗎?還是顧客欠妳很多會錢?沒笑容就算了那臉比我的屁還臭!!找錢還用丟的!!麥當勞的員工教育是怎麼樣值班主管是在睡覺嗎??離譜!!
 黃kent ,https://www.google.com/maps/contrib/100535373764681252131/reviews?hl=zh-TW,4,True,67,食用空間大，有戶外桌椅，一，二樓有景觀座位，點餐快，還有得來速及停車位，來看看就能體會囉
 simon ,https://www.google.com/maps/contrib/101627567041391389096/reviews?hl=zh-TW,5,True,51,8/21(18-19)粉紅色服裝女服務人員態度親切提供快速點餐服務，很棒。
 許宸涵 ,https://www.google.com/maps/contrib/103428746023914764324/reviews?hl=zh-TW,2,True,85,"一直做外送的餐，都不做內用的。
內用等很久才等到餐，
也不是買很多東西，一包小薯而已，等了5分鐘以上"
 杜里昂 ,https://www.google.com/maps/contrib/103888242968425267057/reviews?hl=zh-TW,5,True,193,這間的生意是我看過的麥當勞裡最好的之一，忙碌之餘還能保持服務專業，真是辛苦這裡的所有人員了！
 林阿全 ,https://www.google.com/maps/contrib/100971163939376036025/reviews?hl=zh-TW,5,True,119,服務很好，環境也很乾淨。
 Ling Ling ,https://www.google.com/maps/contrib/111810317358498135419/reviews?hl=zh-TW,3,False,2,炸雞不多汁，好柴！
 潘樺慧 ,https://www.google.com/maps/contrib/104857944159874441957/reviews?hl=zh-TW,5,True,86,每次麥當勞都外帶，今天跟朋友一起坐著吃，宵夜的時間很安靜，適合朋友聚會❤❤
 陳瑜 ,https://www.google.com/maps/contrib/106454825387476372676/reviews?hl=zh-TW,1,False,5,外帶點餐豬肉滿福堡裡面只有蛋沒有豬肉、鬆餅餐沒有副奶油，可能粗心至少願意外送來，結果外送員一到先說一句操？？？還很兇
 子如 ,https://www.google.com/maps/contrib/117125863921487950467/reviews?hl=zh-TW,1,False,127,點了阿薩姆鮮奶茶，點餐時告知不要加糖，結果喝時有糖。詢問櫃台人員，說是用固定粉下去沖泡，也沒有給我做任何處理.......
 Hsiao-Chenge Chu ,https://www.google.com/maps/contrib/100768468840658726244/reviews?hl=zh-TW,3,True,53,近榮總，門面稍窄，早餐中年服務生，有foodpanda服務時間比較需等候。
 ki Ki ,https://www.google.com/maps/contrib/111784555608990365459/reviews?hl=zh-TW,1,True,80,"都寫這麼清楚了，不要酸黃瓜！

為什麼還加酸黃瓜？那我何必特別講？？

而且買了好幾次，薯條怎麼每次都是冷掉的啊=="
 峰生周 ,https://www.google.com/maps/contrib/107417013332649150323/reviews?hl=zh-TW,4,True,275,就是麥當勞，只是沒有免下車的購買車道，連停車可能都不是挺方便…
 Junhong Zhou ,https://www.google.com/maps/contrib/109539923621339354385/reviews?hl=zh-TW,2,False,10,"已經不止一次忽略麥當勞報報所贈送的額外餐點了
蠻好奇是點餐的工作人員出錯還是給餐的工作人員出錯
畢竟有些時候我是因為有抽到想要的優惠券才選擇到麥當勞進行消費"
 林奕辰 ,https://www.google.com/maps/contrib/113336255662737457531/reviews?hl=zh-TW,5,True,15,店員親切空間舒適廁所乾淨有洗手乳！！！
 凱蘿 ,https://www.google.com/maps/contrib/107582823665003563380/reviews?hl=zh-TW,5,True,291,每星期六午餐必吃。記得下戴天氣App，常有買一送一。今日工讀生打入套餐O元，趕緊回去付價差，大家有零錢記得零錢捐幫助麥當勞之家。🙏
 王怡君 ,https://www.google.com/maps/contrib/111650070947518320214/reviews?hl=zh-TW,5,True,21,環境整齊明亮，廁所也很乾淨
 hdisk 886 ,https://www.google.com/maps/contrib/114761157888349405883/reviews?hl=zh-TW,1,True,287,反應很慢的自助點餐系統，建議優化更新，很糟糕的體驗
 漪静林 ,https://www.google.com/maps/contrib/104519162974841003024/reviews?hl=zh-TW,5,True,60,很多人，會等比較久。但服務人員很都耐斯。
 TOPTOPGO ,https://www.google.com/maps/contrib/109729823876496563875/reviews?hl=zh-TW,1,False,3,"外帶薯條都會少放點大薯我還以為我點小暑
廚房後面環境髒亂垃圾亂丟而且糖水都流出來"
 Shihchun ,https://www.google.com/maps/contrib/105796992890609706859/reviews?hl=zh-TW,1,True,94,環境髒亂，服務態度，出餐順序需要改進，比我慢來的六個人都拿完餐點了，就我的餐點還沒到，更扯的是後面的人點的餐點跟我的完全相同，但他拿到餐點的順序卻比我前面。不知哪位客人打翻很久的飲料也沒看到店員來清理
 41-洪千惠 ,https://www.google.com/maps/contrib/107721140293774512148/reviews?hl=zh-TW,5,False,5,重新裝潢後多了兩台自助點餐機，方便又快速
 T Carrie ,https://www.google.com/maps/contrib/117515113226518794886/reviews?hl=zh-TW,4,True,703,"離捷運站要走一小段距離(約10分鐘)，常常人很多要一直往上層爬找位子，但是好吃，服務態度也很好~
環境不算非常乾淨，有時桌子上有前一位顧客留下的屑屑，麥當勞都採自助清理，希望大家多多發揮公德心，離開時順便把桌子用衛生紙擦一擦，留給下一位客人乾淨的用餐空間"
 張性雲 ,https://www.google.com/maps/contrib/118227556609987115365/reviews?hl=zh-TW,3,True,86,去過不同間的店，這家服務比較快速不會卡卡。但是用餐空間真的很小
 Joray Lui ,https://www.google.com/maps/contrib/107278660730078542485/reviews?hl=zh-TW,5,True,171,常見有長輩帶著智能稍不足的子女上門，希望服務生能多花點時間瞭解他們的需求，幫他們搭配套餐，別讓他們單點個小小的幾樣東西就花了三、四百塊，也希望排隊的人可以稍微忍受一下不便。
 朱毅勳 ,https://www.google.com/maps/contrib/109687916787132964126/reviews?hl=zh-TW,4,True,512,服務很好，但點餐處有點小就是了
 黃涓涓 ,https://www.google.com/maps/contrib/115930080139854466629/reviews?hl=zh-TW,3,True,43,已經不只兩次因為太忙而給不齊全了提醒外帶的話雞塊漢堡都要點清楚再離開優點的話...態度算是親切動作也算是快速
 嘟嘟嚕 ,https://www.google.com/maps/contrib/116842380524033475853/reviews?hl=zh-TW,1,True,97,少一份薯條，綠茶是紅茶，沒有番茄醬，沒有糖醋醬。
 顏益助 ,https://www.google.com/maps/contrib/103775135559215542486/reviews?hl=zh-TW,5,True,44,服務態度很好，
 Nancy Chiang ,https://www.google.com/maps/contrib/111780861475899168073/reviews?hl=zh-TW,5,True,134,麥當勞的品質不用多說，讚啦
 韭菜切割術 ,https://www.google.com/maps/contrib/110511547615769307575/reviews?hl=zh-TW,3,True,35,"普通，天母店若不是關了，不會去那裡，店面小，店員也板著臉，男的還比較客氣。
所以都改去KFC了。"
 伊達彌亞勘吉隆 ,https://www.google.com/maps/contrib/108697086004423089765/reviews?hl=zh-TW,3,False,14,"為了吃薯餅早起叫了兩份有加薯餅的套餐
然後打開裡面什麼都有就是沒薯餅
是怎樣？是怎樣？是怎樣？是怎樣？是怎樣？
我的薯餅勒啦！"
 Julian Lin ,https://www.google.com/maps/contrib/117296267871174846319/reviews?hl=zh-TW,4,True,125,現在採用自助點餐，再到櫃檯結帳，方便許多~
 Watson Chao ,https://www.google.com/maps/contrib/114115690272415559777/reviews?hl=zh-TW,4,True,343,點大麥克當午餐
 Serphim Blue ,https://www.google.com/maps/contrib/105723943286182867900/reviews?hl=zh-TW,1,False,2,11點等到現在直接給我取消訂單什麼意思？
 莎耶 ,https://www.google.com/maps/contrib/113215451306964938750/reviews?hl=zh-TW,4,True,78,麻雀雖小五臟俱全
 Yoga Kuo ,https://www.google.com/maps/contrib/100514496683854990688/reviews?hl=zh-TW,3,True,18,點了大麥克，第一層沒肉的，白麵包表示...。即使忙碌也要確保出餐品質啊
 somang9 ,https://www.google.com/maps/contrib/110588871009821867980/reviews?hl=zh-TW,3,True,11,位子有點少裝潢是比較早期的麥當勞廁所也稍微老舊一些
 Daete Chen (dAEtEGO) ,https://www.google.com/maps/contrib/110133415895852213153/reviews?hl=zh-TW,4,True,28,缺點是只營業到晚上0點，另外有的店員服務態度不是很OK，但整體還可以……
 Chen Sam ,https://www.google.com/maps/contrib/101140734438517514864/reviews?hl=zh-TW,5,True,67,"買餐點時，
店員對我說「祝你有美好的一天」

sosweet❤️"
 蔡秋宏 ,https://www.google.com/maps/contrib/101671518792644853629/reviews?hl=zh-TW,4,True,53,餐點一樣好吃，但點餐人員面有點難看好似欠他多少錢一般
 陳柔璇 ,https://www.google.com/maps/contrib/111942395735198764575/reviews?hl=zh-TW,5,False,2,編號347205服務人員很親切餐點讚！
 林俊廷 ,https://www.google.com/maps/contrib/104924357993682000847/reviews?hl=zh-TW,4,True,283,環境乾淨明亮，休息舒緩情緒的好地方，中午時段人潮多，無一空位可座，避開此時段倒是一個安靜的地方。
 邱漢傑 ,https://www.google.com/maps/contrib/111665215238254257982/reviews?hl=zh-TW,1,False,19,都在忙外送，內用的服務很慢，且不用心
 戴駿守 ,https://www.google.com/maps/contrib/107214190719635842257/reviews?hl=zh-TW,4,True,58,原本已經整理好的座位，只是先下去點餐，結果就被護理實習的學生霸佔，跟店家無關，只是客人家教不好！
 鄭詠梅 ,https://www.google.com/maps/contrib/108182607068902954128/reviews?hl=zh-TW,5,True,33,員工很有禮貌說話條理清楚客氣排隊地方小沒停車位
 Allen Huang ,https://www.google.com/maps/contrib/116547691318977921545/reviews?hl=zh-TW,3,True,23,點餐人員的勤前教育訓練有待加強，否則促銷活動的美意沒達到，反而讓顧客受氣。
 Goofy Y.C. Du ,https://www.google.com/maps/contrib/111627885833174971586/reviews?hl=zh-TW,3,True,206,用餐環境有進步空間
 andy ,https://www.google.com/maps/contrib/112309761509043166894/reviews?hl=zh-TW,1,False,3,全台灣麥當勞最少的大薯就在石牌店
 KEVIN WANG ,https://www.google.com/maps/contrib/112670869236447205490/reviews?hl=zh-TW,3,True,123,排隊人數較多，取餐速度慢，店面狹窄
 Pongo ,https://www.google.com/maps/contrib/104238539175642064178/reviews?hl=zh-TW,3,True,24,外送的可樂不要再偷換成零卡的，喝零卡我不如喝水
 Kiki ,https://www.google.com/maps/contrib/107475113503599559215/reviews?hl=zh-TW,3,False,19,"店面狹窄，位置雖然很多，但常常都客滿
環境沒有特別整潔！"
 吳維國 ,https://www.google.com/maps/contrib/113892767546334443608/reviews?hl=zh-TW,3,True,12,室內環境不理想，用餐區有異味且硬體設備老舊。
 1128 sweethearts ,https://www.google.com/maps/contrib/108478971522493107214/reviews?hl=zh-TW,3,False,280,"服務與食物有一定麥當當水平,早餐不至於縮水成掌心大的兒童餐^_^"
 Tom Tsai ,https://www.google.com/maps/contrib/101337241679937495011/reviews?hl=zh-TW,3,False,79,動線不佳，人員服務良好
 蕭茹因 ,https://www.google.com/maps/contrib/102722905006821885531/reviews?hl=zh-TW,2,True,120,"地板髒亂薯條濕軟感覺是人手不足
在流動率那麼高的地點
有待加強"
 Jacob Corleone ,https://www.google.com/maps/contrib/113824233214469976518/reviews?hl=zh-TW,1,False,11,"有人插隊店員還想讓他先點餐
完全不會看到底誰先來"
 Ting ,https://www.google.com/maps/contrib/111149018734555412179/reviews?hl=zh-TW,1,False,32,沒看過麥當勞廁所這麼髒！連食物製作區也很髒亂，這不是麥當勞的衛生品質
 CTS OO ,https://www.google.com/maps/contrib/105916889754646172251/reviews?hl=zh-TW,2,True,292,已經是第二次給錯餐，人力不少但是卻少到樓上清理客人的餐桌。可惜天母石牌目前只有這個選擇。
 李偉強 ,https://www.google.com/maps/contrib/103516037548786331706/reviews?hl=zh-TW,5,True,30,很不錯環境乾淨整潔！服務生很親切！送餐速度快！廁所乾淨！用餐環境佳！整體速食店非常很讚！👍👍👍😁😃😄
 iR0n Max ,https://www.google.com/maps/contrib/115868169340730010071/reviews?hl=zh-TW,1,False,12,真的不知道同一間快餐店，為什麼這一間可以做得特別難吃！
 Kong Mou ,https://www.google.com/maps/contrib/113346106244452201784/reviews?hl=zh-TW,4,True,32,店員都很棒，但新進員工訓練時，上司的態度口氣可以收斂一點，畢竟客人在前面，這樣有點不好看
 陳咖哩 ,https://www.google.com/maps/contrib/107638252394651583281/reviews?hl=zh-TW,5,False,5,很棒服務又好
 Rae R ,https://www.google.com/maps/contrib/110610206438628738569/reviews?hl=zh-TW,3,False,20,"請熊貓外送麥當勞不能備註去冰
非常糟糕⋯⋯⋯⋯
不想做可以不要接外送"
 Yu Shih Liu ,https://www.google.com/maps/contrib/108123416297183299927/reviews?hl=zh-TW,4,True,25,廁所環境較髒，垃圾桶也常常是滿出來的，可能是很缺人手吧。除此之外，服務人員的態度都算不錯
 Cathy Wu ,https://www.google.com/maps/contrib/115268505123800542763/reviews?hl=zh-TW,2,True,100,廁所在3樓，部分桌椅已經毀損，但不到不堪使用。一樓沒有座位，樓梯陡峭，不適合行動不便的人用餐。
 圓圈圈 ,https://www.google.com/maps/contrib/111877530606885340234/reviews?hl=zh-TW,4,True,102,位子蠻多的，但三樓晚上10：00左右以後要打掃，位子就少很多。
 kshd Tunis ,https://www.google.com/maps/contrib/107763673320009467619/reviews?hl=zh-TW,1,False,6,到底什麼時候可以24小時營業啦，每次都吃不到當我次等公民？？？
 Claire Yang ,https://www.google.com/maps/contrib/115845790408042568031/reviews?hl=zh-TW,2,True,511,位子間隔很小很擠，垃圾桶都滿到垃圾掉出來了很髒也沒人收
 hwsimon60113 ,https://www.google.com/maps/contrib/118375013758598931011/reviews?hl=zh-TW,3,True,228,"優點
-方便
-店員親切

缺點
-有點擠
-環境整潔可以再更好"
 黃yiyi ,https://www.google.com/maps/contrib/117895852007654630742/reviews?hl=zh-TW,5,True,100,有座位區，有合作外送，要吹涼涼，都可以至店內
 chaoyi chen ,https://www.google.com/maps/contrib/112304636815487719850/reviews?hl=zh-TW,5,True,429,有自助點餐機很方便，取餐有很快
 曾采琳 ,https://www.google.com/maps/contrib/104391349672749054010/reviews?hl=zh-TW,2,False,10,"不要人太多的時候點餐，不然就要打開檢查
我的大麥克沒給我啊嗚嗚嗚……"
 陳淑 ,https://www.google.com/maps/contrib/101467185759138226678/reviews?hl=zh-TW,3,True,204,地方有點小，剛點餐吃了沒多久很多人上來找位置，站旁邊等，很怪
 yun cc ,https://www.google.com/maps/contrib/101781722727368696007/reviews?hl=zh-TW,1,True,67,外帶取餐櫃台人員服務態度欠佳，東西丟在櫃台到齊也不用講，自己慢慢檢查
 張太睿 ,https://www.google.com/maps/contrib/104666607577861685253/reviews?hl=zh-TW,5,False,15,"服務很好，有一次半夜從醫院下班快打烊還是願意供餐感動!
但環境還可以更乾淨"
 閻離喚 ,https://www.google.com/maps/contrib/111699050568554221435/reviews?hl=zh-TW,5,True,259,服務非常體貼，出餐快速，環境整潔。
 林孟澤 ,https://www.google.com/maps/contrib/109484745338631643375/reviews?hl=zh-TW,5,True,316,"有三個樓層，雖然不算大，
但也不會沒位子坐。
離石牌鬧市近，
榮總過來也很快。"
 Yi-Chung Chan ,https://www.google.com/maps/contrib/105276639350550557758/reviews?hl=zh-TW,4,True,44,舒適乾淨，無設置身障相關配備，對老人及身障顧客，相當不便。
 Tony Yang ,https://www.google.com/maps/contrib/115496208752731291138/reviews?hl=zh-TW,3,True,538,我感覺每次去地板都黏黏髒髒的，有可能是因為客人流量太高
 Jasmine ,https://www.google.com/maps/contrib/105344879688955730822/reviews?hl=zh-TW,3,True,54,人潮真的很多，品質難顧就一定會下降..
 Wu szu-hua ,https://www.google.com/maps/contrib/114078459674457643200/reviews?hl=zh-TW,5,True,178,服務親切動作迅速
 Evan Huang ,https://www.google.com/maps/contrib/113878721477858714814/reviews?hl=zh-TW,3,True,204,門口一堆違停
 Nelson Chen ,https://www.google.com/maps/contrib/115189377663394074606/reviews?hl=zh-TW,2,True,31,環境差，廁所不乾淨。用餐空間不適，空調也很微弱。是北投一帶滿不ok的麥當勞
 黃柏良 ,https://www.google.com/maps/contrib/118388450904894448467/reviews?hl=zh-TW,3,True,157,我跑步不小心經過_請問石牌麥當勞在那裡呀哈哈大笑
 Jack Huang ,https://www.google.com/maps/contrib/112275741539949111754/reviews?hl=zh-TW,1,True,75,"不懂為何現在的麥當勞只開一台收銀機
這樣有比較省時間嗎"
 施光耀 ,https://www.google.com/maps/contrib/102641432334120392741/reviews?hl=zh-TW,3,True,70,用餐區在2樓並没有電梯對老人家很吃力、店面不大、排隊等很久。
 Lizzy Chu ,https://www.google.com/maps/contrib/107038642216687256066/reviews?hl=zh-TW,5,True,248,"我來過這裡好幾次了可是都沒點過東西
就是坐著等人探病結束"
 陳安兒 ,https://www.google.com/maps/contrib/109149434620371545861/reviews?hl=zh-TW,1,False,2,"態度極差
尤其是穿不一樣衣服的，懷疑是主管
難怪員工也一個樣"
 oQ宸 ,https://www.google.com/maps/contrib/104500305480106543410/reviews?hl=zh-TW,1,True,60,"那位胖胖的服務員態度真夠差不想做可以不要做
沒人勉強你口氣差的跟什麼一樣"
 顛倒狗娛樂IsGodStudio ,https://www.google.com/maps/contrib/107288757148203656706/reviews?hl=zh-TW,3,True,620,"年久失修樓上座位很老舊
空調都發霉的啦
還停留在90年代的麥當勞"
 psmail taiwan ,https://www.google.com/maps/contrib/114165978508412479163/reviews?hl=zh-TW,4,True,118,中午時段人超多，但不會等太久，可惜沒有得來速。
 葉柏賢 ,https://www.google.com/maps/contrib/109418410957917551734/reviews?hl=zh-TW,1,True,67,等餐時間從10分鐘，第二次再加10分鐘，如果沒餐請提早說
 廖信評9479 ,https://www.google.com/maps/contrib/106194675306809919144/reviews?hl=zh-TW,4,True,53,好停車有take-and-go的24小時麥當勞，不過某些日子00-06有閉店休息
 Zhen Song (Google一直叫我新增名稱) ,https://www.google.com/maps/contrib/106670353341500888541/reviews?hl=zh-TW,4,True,90,"不知道要吃什麼的時候
帶著甜心卡
開著app優惠
來這裡就對了
還可以用點點卡集點噢"
 陳伯愷 ,https://www.google.com/maps/contrib/101341879434710277193/reviews?hl=zh-TW,3,True,931,餐點越來越貴，優惠券越來越差，只能靠大薯和可樂買一送一挽救
 南宮恨 ,https://www.google.com/maps/contrib/102608704100089967182/reviews?hl=zh-TW,5,True,108,在榮總抽完號碼牌、等待看診消磨時間的好地方！
 Hsinlei Lin ,https://www.google.com/maps/contrib/109425877291861453835/reviews?hl=zh-TW,3,True,61,"此店距離是台北榮總最近的麥當勞分店，
空間雖然較小些，但地點蠻便利的。"
 林秦 ,https://www.google.com/maps/contrib/106491535912183328368/reviews?hl=zh-TW,1,True,26,等很久，原因是「不好意思欸我沒看到訂單，可能是他們不小心按到取消了」
 蔡禮籐 ,https://www.google.com/maps/contrib/109867152331200339950/reviews?hl=zh-TW,1,False,3,"沒先跟客人說暫停服務還瞪客人？
服務這麼差的嗎？"
 Laurence Tsai ,https://www.google.com/maps/contrib/112391861237603396785/reviews?hl=zh-TW,2,True,26,用餐環境窄小，中午用餐時段點餐櫃台只開1台，導致點餐人員大排長龍不易點餐！
 何慧聞 ,https://www.google.com/maps/contrib/107236239238658067198/reviews?hl=zh-TW,4,True,101,櫃檯只有一個，所以要耐心等候，環境還滿乾淨的
 Tino Fan ,https://www.google.com/maps/contrib/108258472102134629761/reviews?hl=zh-TW,2,False,142,不喜歡來這間，所有座位都在樓上，感覺有點亂
 張家齊 ,https://www.google.com/maps/contrib/102088319542160424845/reviews?hl=zh-TW,4,True,100,位於石牌鬧區，店面重新整修，環境舒適！
 Kenny Hsu ,https://www.google.com/maps/contrib/113498763821165134029/reviews?hl=zh-TW,1,False,44,行銷越來越不老實，看版上的術語造成消費者誤解，結帳時才發現金額不對！
 Huang Brian ,https://www.google.com/maps/contrib/114418508953865747552/reviews?hl=zh-TW,4,True,443,搭配App，每天都有優惠喔
 一元（十個一角） ,https://www.google.com/maps/contrib/104534264894593515725/reviews?hl=zh-TW,5,True,123,美國品牌速食，期盼本土刈包〈中式漢堡〉也能有創新的經營模式！
 wen xuan hong ,https://www.google.com/maps/contrib/115926362281932287818/reviews?hl=zh-TW,5,True,50,"這家麥當勞的薯條很多
幾乎都是現炸的
不像有些家可能薯條少然後又都軟軟的"
 sun wang ,https://www.google.com/maps/contrib/106343046829305289393/reviews?hl=zh-TW,2,False,22,感覺用餐環境不夠清潔，裝潢老舊不堪
 楊佩佩 ,https://www.google.com/maps/contrib/104099417074318822669/reviews?hl=zh-TW,5,False,12,今天很辛運碰到很有服務精神的店員
 楊世明 ,https://www.google.com/maps/contrib/116636001854892037404/reviews?hl=zh-TW,3,True,368,中午用餐時間，因為接近學校及醫院，用餐人潮非常多，不容易等到座位。
 阿耕數學 ,https://www.google.com/maps/contrib/115158037647604016957/reviews?hl=zh-TW,4,True,127,有點髒亂，垃圾沒人清理，三樓座位有破損，應該注意而未注意。
 Ryan ,https://www.google.com/maps/contrib/100045565016643834277/reviews?hl=zh-TW,5,True,100,櫃台換新，點餐流程變得不這麼擠了。態度也很優質
 Louise Lin ,https://www.google.com/maps/contrib/112432309845558984891/reviews?hl=zh-TW,4,True,233,一樓人多的時候蠻擠，不過樓上有不少座位
 杯麵 ,https://www.google.com/maps/contrib/115476216976315969004/reviews?hl=zh-TW,5,True,99,服務快速、出餐俐落
 杜冰冰 ,https://www.google.com/maps/contrib/105838444754575949382/reviews?hl=zh-TW,4,False,178,購買人多，需等待，服務人員親切有禮貌，但此地點完全無法暫停車
 將沉 ,https://www.google.com/maps/contrib/111497738798071910749/reviews?hl=zh-TW,4,True,37,薯條好吃~~~
 phil Cheng (鸚哥) ,https://www.google.com/maps/contrib/114753021155998362803/reviews?hl=zh-TW,5,True,58,"麥當勞石牌店
點餐迅速，如遇需要等待的商品會迅速主動告知，讚"
 Sean Ke ,https://www.google.com/maps/contrib/105279429447199123848/reviews?hl=zh-TW,4,True,978,態度佳，但東西一直漲、最便宜的套餐也要95塊，要有優惠才考慮。
 邱震煌 ,https://www.google.com/maps/contrib/113877688518333081211/reviews?hl=zh-TW,5,True,211,店面小而美，服務ok。
 筱渝 ,https://www.google.com/maps/contrib/116247575286707995418/reviews?hl=zh-TW,4,True,310,尖峰時段人潮很多！希望可以規劃好點餐及候餐路線~
 Clara Chen ,https://www.google.com/maps/contrib/114369180081991642484/reviews?hl=zh-TW,5,True,107,"服務態度很好，速度快。
只是位子不夠，到中午的時候常沒有位子"
 Tzu-Hsuan Huang ,https://www.google.com/maps/contrib/117542163333981941324/reviews?hl=zh-TW,2,False,2,店員算術有待加強，點十塊麥克雞塊，結果只有九塊。
 shaun hsu ,https://www.google.com/maps/contrib/105676938932200867237/reviews?hl=zh-TW,3,True,22,出餐偏慢但還行
 游豐榮 ,https://www.google.com/maps/contrib/103072269013608403061/reviews?hl=zh-TW,3,False,8,比較不方便買餐點，其它還好。
 Ching-Wei Chen (Teddy) ,https://www.google.com/maps/contrib/116048365001830628532/reviews?hl=zh-TW,1,True,50,點雞堡給我牛堡⋯但我又不吃牛，害我餓肚子，薯條也軟爛油膩不好吃
 許源樑 ,https://www.google.com/maps/contrib/114124402234813264715/reviews?hl=zh-TW,5,True,68,優質的早午餐非常棒，還有隨行杯咖啡可累點換飮料太棒了
 eddie ch ,https://www.google.com/maps/contrib/109153448109008776569/reviews?hl=zh-TW,1,False,14,很多次點了外帶後來都少放，虧了很多次，可惡
 Rinko Huang ,https://www.google.com/maps/contrib/108945393700591430758/reviews?hl=zh-TW,5,True,62,環境清潔，食材新鮮
 renn david ,https://www.google.com/maps/contrib/103780343065661601882/reviews?hl=zh-TW,3,True,"1,087",很小的麥當勞，停車非常困難，沒有得來速，擁擠排隊長。
 wang e ,https://www.google.com/maps/contrib/106119065454896363194/reviews?hl=zh-TW,3,False,5,出餐速度尚可，點餐人員態度也還ok
 Kelvin Lee ,https://www.google.com/maps/contrib/102620599463270010954/reviews?hl=zh-TW,2,True,81,該重新裝潢了，用餐環境感覺不佳，店員表現好像不夠專業!
 kunfa Ho ,https://www.google.com/maps/contrib/100575010223831458392/reviews?hl=zh-TW,1,True,281,態度極差愛理不理的，沒有天母店才不得已去那買
 天啊 ,https://www.google.com/maps/contrib/116611964470809448901/reviews?hl=zh-TW,5,False,7,外帶速度快，會確認客人餐點~
 伯特蕭 ,https://www.google.com/maps/contrib/118096373040341148843/reviews?hl=zh-TW,4,True,335,服務算親切，其他就跟別家麥當勞沒什麼差異
 丁永昌 ,https://www.google.com/maps/contrib/114676623534738696960/reviews?hl=zh-TW,1,False,7,購買勁辣雞腿堡套餐，肉薄薄的一片裹很厚的粉，感覺被騙了。
 Elsa ,https://www.google.com/maps/contrib/116551160641791030852/reviews?hl=zh-TW,5,True,97,態度親切
 JYUN JYUN ,https://www.google.com/maps/contrib/112371495202827791760/reviews?hl=zh-TW,4,True,253,就是麥當勞嚕，該髒的也絕對不乾淨，該乾淨地也不髒
 葛萬宏 ,https://www.google.com/maps/contrib/107857992828535698090/reviews?hl=zh-TW,2,True,67,"內用研磨咖啡，沒有用馬克杯
奶茶飲料沒有調好，有硬塊"
 Eason Liu ,https://www.google.com/maps/contrib/113219368885732347756/reviews?hl=zh-TW,5,True,464,使用自助點餐機，很方便
 張雨桐 ,https://www.google.com/maps/contrib/112824769678755507859/reviews?hl=zh-TW,1,False,2,餐品送錯
 藍凱平 ,https://www.google.com/maps/contrib/103972198880029850903/reviews?hl=zh-TW,3,True,111,服務態度佳，用餐環境尚可，現煮咖啡偏貴
 Daniel Hsu ,https://www.google.com/maps/contrib/110292937710810582785/reviews?hl=zh-TW,5,True,441,借個廁所，謝謝。人真多
 Donald Chen ,https://www.google.com/maps/contrib/103280233759150325407/reviews?hl=zh-TW,3,True,37,天母店關後只能到這裡，店面小又不好停車
 shiaoping lin ,https://www.google.com/maps/contrib/103793849152448128689/reviews?hl=zh-TW,3,True,65,座位還可以在增加，中午時段人比較多，會沒有地方座
 Golden Honor ,https://www.google.com/maps/contrib/102011209435013367334/reviews?hl=zh-TW,4,True,16,速度快服務好
 Apple Mam ,https://www.google.com/maps/contrib/111119271490762798152/reviews?hl=zh-TW,4,True,244,離榮總很近
 呂宗祐 ,https://www.google.com/maps/contrib/101823259891347451676/reviews?hl=zh-TW,4,True,"1,141","2020/11
離北投區二大醫院
榮總/振興很近的速食餐廳"
 ollie chen ,https://www.google.com/maps/contrib/107435681501978416437/reviews?hl=zh-TW,3,True,135,可樂杯外面都是可樂，不知道為什麼
 PRTER LIN ,https://www.google.com/maps/contrib/116530408312816852336/reviews?hl=zh-TW,5,True,69,地點佳，環境好，近榮總.台北護理學院，大人.小孩都喜歡，也不錯，是很好的地理場所，讚!
 李美女 ,https://www.google.com/maps/contrib/103070804447255256009/reviews?hl=zh-TW,3,False,6,服務不錯，缺點一樓無座位，身障者不能用餐
 劉德永 ,https://www.google.com/maps/contrib/102419044231071479897/reviews?hl=zh-TW,5,True,249,出餐速度極快!
 Meei Jyu yueh ,https://www.google.com/maps/contrib/100533489800322722808/reviews?hl=zh-TW,4,True,75,服務人員態度親切，早餐（豬肉滿福寶加蛋）好吃！
 Edward Lin ,https://www.google.com/maps/contrib/106713504194243792071/reviews?hl=zh-TW,5,True,58,店員很親切，有禮貌，餐點出餐很快速，好吃!
 Ming Lin ,https://www.google.com/maps/contrib/116411244306363538718/reviews?hl=zh-TW,4,True,292,雖然一樓稍擠，樓上用餐環境卻滿大的。
 Hans ,https://www.google.com/maps/contrib/108995214117676333026/reviews?hl=zh-TW,1,True,15,薯條永遠都是溫的，想念天母麥當勞的薯條，承德也不錯
 張凱 ,https://www.google.com/maps/contrib/104465472085793396932/reviews?hl=zh-TW,5,False,13,讚.
 簡ㄆ ,https://www.google.com/maps/contrib/100330491097891253369/reviews?hl=zh-TW,3,False,13,沒有給我番茄醬嫩雞堡的肉還有一股奇怪的味道
 林俊庭 ,https://www.google.com/maps/contrib/101255495164335612451/reviews?hl=zh-TW,1,False,73,點餐隨便取消人家訂單，爛店家
 朱曉正 ,https://www.google.com/maps/contrib/108818520817772484176/reviews?hl=zh-TW,3,True,152,近護理學院，二F當期雜誌欣賞，點餐速度快，服務親切
 黃得紘 ,https://www.google.com/maps/contrib/104224396758000290672/reviews?hl=zh-TW,2,True,27,沒可樂....
 Gregor ,https://www.google.com/maps/contrib/117443463398777283809/reviews?hl=zh-TW,1,False,5,空調是不願意開，還是壞掉？如果壞了是要修多久？
 トハオウェイ ,https://www.google.com/maps/contrib/102738837610432304396/reviews?hl=zh-TW,4,True,140,座位區在二樓以上，兒童遊戲室在高樓層
 鄭中遠（Arthur） ,https://www.google.com/maps/contrib/109960864408898425309/reviews?hl=zh-TW,3,True,243,就是間普通的麥當勞，用餐時間會排到店門口。
 Vanessa Woo ,https://www.google.com/maps/contrib/101037253993266475191/reviews?hl=zh-TW,2,True,27,晚餐時間去，用餐區跟廁所好髒😫😫😫
 Jackson Lin ,https://www.google.com/maps/contrib/116195971198609550930/reviews?hl=zh-TW,5,True,151,提供好的軟體服務，既便民又安心，大推！
 湯慧茹 ,https://www.google.com/maps/contrib/109341546593812826981/reviews?hl=zh-TW,1,False,3,奶茶的糖漿沒溶化沈澱在杯底廁所很髒
 楊宸安 ,https://www.google.com/maps/contrib/104348250322831055265/reviews?hl=zh-TW,4,True,235,出餐速度快，服務尚可
 Golden King ,https://www.google.com/maps/contrib/114233509301054811662/reviews?hl=zh-TW,3,True,115,靠近健康護理大學，榮民總醫院，店面1樓接待訂餐，2樓坐位區。
 王崇瑋（只說實話） ,https://www.google.com/maps/contrib/102291634830884958145/reviews?hl=zh-TW,4,True,22,店裡座位不是很多，店員態度還可以
 阿元仔 ,https://www.google.com/maps/contrib/116019453284250125136/reviews?hl=zh-TW,2,False,31,7月7號店員說冷氣壞了。店內用餐悶熱
 29359022 ,https://www.google.com/maps/contrib/114474580073570801332/reviews?hl=zh-TW,3,False,4,小孩很多，為了閃一個小小孩還讓我的雪碧打翻QQ
 Mjunv jue ,https://www.google.com/maps/contrib/104595385309550622014/reviews?hl=zh-TW,5,False,18,有個帶眼鏡的男店員很溫柔服務超好
 Y “Duncan” ,https://www.google.com/maps/contrib/106838079577246440756/reviews?hl=zh-TW,5,True,261,薯條麥克雞塊好吃，雙層牛肉吉事堡還好
 Meta Knight ,https://www.google.com/maps/contrib/105729023220947046437/reviews?hl=zh-TW,2,False,7,身為麥當勞沒有24小時營業是三小
 yrqaz T ,https://www.google.com/maps/contrib/105879369660776804239/reviews?hl=zh-TW,4,True,45,出餐很快，只是人多時有時主管會爆氣
 喵喵宸 ,https://www.google.com/maps/contrib/106500515681767173671/reviews?hl=zh-TW,5,True,128,不知道去那裡吃午餐，只好到麥當勞
 weilin chen ,https://www.google.com/maps/contrib/115010282589676361982/reviews?hl=zh-TW,4,True,297,人很多下，人員依然客氣服務
 謝丁欣 ,https://www.google.com/maps/contrib/110712920611476634712/reviews?hl=zh-TW,4,False,9,服務態度很好，用餐區寬敞！
 徐小蘭 ,https://www.google.com/maps/contrib/101597236719385033390/reviews?hl=zh-TW,5,False,1,招財薯來牛好好吃～～～咖啡好好喝
 蘇如雲 ,https://www.google.com/maps/contrib/117528231102533263846/reviews?hl=zh-TW,5,False,6,工作人員作業迅速，民眾排隊有條不紊。
 Leonard Wang ,https://www.google.com/maps/contrib/104463940843772923784/reviews?hl=zh-TW,5,True,370,沒有什麼不好吃的麥當勞，也沒有服務不佳的麥當勞。
 王唯丞（丞丞wilson） ,https://www.google.com/maps/contrib/116965897843527987142/reviews?hl=zh-TW,4,True,28,今天結帳時有點卡卡的！不過速度很快～
 傳宇 ,https://www.google.com/maps/contrib/112253378017227620964/reviews?hl=zh-TW,1,False,5,我大薯剛剛送來跟別人中薯一樣根數量？？
 Genie HUNG ,https://www.google.com/maps/contrib/100755279643551959645/reviews?hl=zh-TW,2,True,395,廁所及環境需加強，但服務人員超棒
 Arey Hoins ,https://www.google.com/maps/contrib/117447547961445487293/reviews?hl=zh-TW,4,True,74,麥當勞最近的料理開始走高級路線，松露黑牛真的很好吃!
 Koala Wu (無尾熊) ,https://www.google.com/maps/contrib/105160675834636065083/reviews?hl=zh-TW,2,True,244,環境較髒，薯條已經軟掉，大扣分！
 Penny Wu ,https://www.google.com/maps/contrib/107757166329292152147/reviews?hl=zh-TW,5,True,287,動作很快，服務有效率優質，現炸薯條最讚！
 Elizabeth Morgenröte ,https://www.google.com/maps/contrib/109188569894502287443/reviews?hl=zh-TW,5,True,77,座位多，餐點製作速度快，服務態度佳
 Lo Salvador ,https://www.google.com/maps/contrib/102079856008681024239/reviews?hl=zh-TW,5,True,95,充滿朝氣的麥當勞，很多台北護理健康大學的學生，還有陽明大學的學生
 芳枝柯馨茹 ,https://www.google.com/maps/contrib/116875784844428979240/reviews?hl=zh-TW,3,True,128,人潮多廁所乾淨但用餐區就⋯
 Eric Lin ,https://www.google.com/maps/contrib/116153941552139482505/reviews?hl=zh-TW,4,True,356,"漢堡不會太乾、還不錯,空間有點小"
 HAO (綠豆沙鮮奶) ,https://www.google.com/maps/contrib/106547043185001475707/reviews?hl=zh-TW,4,True,35,用餐時間人潮眾多，需耐心等候
 官苑傑 ,https://www.google.com/maps/contrib/110788105805023729777/reviews?hl=zh-TW,4,True,67,客人不少，但每次去都還找得到位子坐
 yo yi Young ,https://www.google.com/maps/contrib/114762374051148336016/reviews?hl=zh-TW,5,True,130,就麥當勞，小了點，但不影響他該有的口味。
 Azoth Teng ,https://www.google.com/maps/contrib/100330572802599229364/reviews?hl=zh-TW,5,True,461,方便便宜的食物。品質固定。
 王美 ,https://www.google.com/maps/contrib/114254544221654610797/reviews?hl=zh-TW,4,True,64,服務人員親切
 Chiang Jerry ,https://www.google.com/maps/contrib/112962067585641178112/reviews?hl=zh-TW,4,True,49,臨時肚子餓的時候想吃漢堡，來麥當勞吧⋯⋯
 捷 ,https://www.google.com/maps/contrib/116157255141300662230/reviews?hl=zh-TW,5,True,264,人很多，店員服務速度很快~
 許柏叡 ,https://www.google.com/maps/contrib/113940701205361458267/reviews?hl=zh-TW,4,True,38,半夜十二點就關門了，之後要跑到承德路買
 山移嬤 ,https://www.google.com/maps/contrib/113367198037284597623/reviews?hl=zh-TW,4,True,158,乾淨，桌面多被消費者保護不佳多有損壞
 Fen Tseng ,https://www.google.com/maps/contrib/102654490548936646886/reviews?hl=zh-TW,4,True,90,我覺得環境比之前去有改善，變好了
 Shao-Chen Wang ,https://www.google.com/maps/contrib/110301359482238495860/reviews?hl=zh-TW,1,False,17,冰奶茶1/3杯是冰塊，完全沒味道
 casey godart ,https://www.google.com/maps/contrib/107459517760690217834/reviews?hl=zh-TW,5,True,14,自助點餐方便。
 洪振育 ,https://www.google.com/maps/contrib/111391481383399444561/reviews?hl=zh-TW,5,True,74,不知道要吃什麼的時候，算是滿好的選擇，距離陽明大學、榮總近
 Cindy Lou ,https://www.google.com/maps/contrib/108251081274822203310/reviews?hl=zh-TW,1,True,134,男服務員態度很差拿零錢用雜的整個傻眼...
 Bruce Leo ,https://www.google.com/maps/contrib/104808861145712652384/reviews?hl=zh-TW,5,True,28,老字號，沒有電梯差點砸了餐點
 Yeekang Lee ,https://www.google.com/maps/contrib/117535813383736927240/reviews?hl=zh-TW,5,True,55,"毫無疑問就是麥當勞
兩份一加一比套餐便宜"
 金崇瑜 ,https://www.google.com/maps/contrib/117516580301968341339/reviews?hl=zh-TW,4,True,150,服務態度良好用心，對待我這個老人。喜歡！
 郭芷菱 ,https://www.google.com/maps/contrib/117211326502123052087/reviews?hl=zh-TW,2,True,60,店面小，人多，食物品質上上下下
 Hung-An Chen ,https://www.google.com/maps/contrib/117750572503915792960/reviews?hl=zh-TW,5,True,34,服務親切，出餐迅速。
 正君劉 ,https://www.google.com/maps/contrib/113668889895441495492/reviews?hl=zh-TW,4,True,238,服務態度不錯，出餐也很快。
 羅永孝 ,https://www.google.com/maps/contrib/116114292223893816164/reviews?hl=zh-TW,3,True,104,快速用餐的地方，不過收銀員的應對很像機器人
 隋孟君 ,https://www.google.com/maps/contrib/105851813793257234087/reviews?hl=zh-TW,4,True,285,一樣買完就走，沒能停車是個麻煩
 I-WEI ,https://www.google.com/maps/contrib/104888847486842955131/reviews?hl=zh-TW,4,True,105,人很多，導致環境清潔可能不勝人力負荷
 emily ,https://www.google.com/maps/contrib/117128248698319371123/reviews?hl=zh-TW,5,True,191,服務態度很棒，點餐速度快！
 肥知 ,https://www.google.com/maps/contrib/115841525254549913315/reviews?hl=zh-TW,3,True,"1,619",腹地很小，空氣有些不流通感
 Wu Neil ,https://www.google.com/maps/contrib/116352303370055587137/reviews?hl=zh-TW,4,True,398,服務泰度量好的店家，介紹詳盡的點餐！
 社會觀察家 ,https://www.google.com/maps/contrib/110508187061745588307/reviews?hl=zh-TW,5,False,14,飲料隨口喝，蓋子換了造型，不用吸管了
 XX Chen ,https://www.google.com/maps/contrib/108399955356811780887/reviews?hl=zh-TW,1,True,88,可樂雪碧有夠甜有夠難喝第一次倒掉飲料
 andy wang ,https://www.google.com/maps/contrib/101606168486372524545/reviews?hl=zh-TW,3,False,187,似乎到了該再整理或擴大面積的時候
 eric luo ,https://www.google.com/maps/contrib/114823887412035210426/reviews?hl=zh-TW,3,True,116,一樓沒坐位，在醫院附近所以人很多。
 林世明 ,https://www.google.com/maps/contrib/109019537943546083715/reviews?hl=zh-TW,5,True,476,方便，實惠，又可邊吃邊聊，好地方。
 Christy TSAI ,https://www.google.com/maps/contrib/115215990268899237383/reviews?hl=zh-TW,3,True,320,很多國高中小情侶在這裡佔位子假讀書真約會...。
 魏MING-JEN ,https://www.google.com/maps/contrib/116108995186162788985/reviews?hl=zh-TW,4,True,395,還不錯可惜中午會很擠
 Winson Wu ,https://www.google.com/maps/contrib/102763140726217950285/reviews?hl=zh-TW,3,True,179,帶小朋友的話不太方便，要一直爬樓梯
 郭振中 ,https://www.google.com/maps/contrib/110182696887905430053/reviews?hl=zh-TW,3,True,14,服務人員親切，空間舒適，廁所乾淨。
 John Wu ,https://www.google.com/maps/contrib/114939730125799540104/reviews?hl=zh-TW,4,True,132,靠近榮總，看病、探病方便用餐，標準麥當勞餐點。
 Smith John ,https://www.google.com/maps/contrib/112137388261334516385/reviews?hl=zh-TW,5,True,47,離榮總五分鐘，逃離人群的好地方
 Ting-Wu Chuang ,https://www.google.com/maps/contrib/106218914042840073997/reviews?hl=zh-TW,3,True,34,點餐區域太狹窄
 凸 OxO凸 ,https://www.google.com/maps/contrib/115278724462373287104/reviews?hl=zh-TW,1,True,12,綁武士頭，刺青的男生，服務態度好差
 Chia-Hui Ho ,https://www.google.com/maps/contrib/108148032981917189233/reviews?hl=zh-TW,3,True,342,位於商城外圍，據在裡頭的打工友人說有小強。
 Randolf Ting ,https://www.google.com/maps/contrib/114284403400561400645/reviews?hl=zh-TW,3,True,38,座位多。不想在榮總美食街吃飯的選擇之一。
 woodytien tien ,https://www.google.com/maps/contrib/104283473417251674476/reviews?hl=zh-TW,4,True,357,位置比較少.也比較小.可能開設時間久了。
 陳淑賢 ,https://www.google.com/maps/contrib/101331260914014191225/reviews?hl=zh-TW,5,True,163,排隊很久但口味還好薯條好吃
 李美蘭 ,https://www.google.com/maps/contrib/107728186915920705099/reviews?hl=zh-TW,4,True,121,榮總旁邊的好選擇。只可惜1樓沒座位。
 Maggie Wu ,https://www.google.com/maps/contrib/115465301921387531266/reviews?hl=zh-TW,3,False,2,"每次都等很久
我後面ㄉ人都拿到走ㄌ
我還在等!"
 喔耶 ,https://www.google.com/maps/contrib/105650355337069980758/reviews?hl=zh-TW,4,True,67,有點小，不然是好地方
 耿筱曾 ,https://www.google.com/maps/contrib/114516647378141210972/reviews?hl=zh-TW,4,True,742,連鎖店中算是服務態度不錯的
 Laobai Wu ,https://www.google.com/maps/contrib/107717315499514603462/reviews?hl=zh-TW,5,True,45,優質店家~服務人員很有禮貌
 主播いずみ ,https://www.google.com/maps/contrib/107930785528292851056/reviews?hl=zh-TW,3,True,60,買了點點卡，增加自己罪惡感的機會，哈！
 Gavin Wang ,https://www.google.com/maps/contrib/102276256452059096787/reviews?hl=zh-TW,3,True,68,還不錯，用餐時間人很多。
 郭郭宴禎 ,https://www.google.com/maps/contrib/105520323144397244317/reviews?hl=zh-TW,5,True,32,服務好，出餐還蠻快的
 揚子翁秀枝 ,https://www.google.com/maps/contrib/110426846019914603291/reviews?hl=zh-TW,4,True,203,店面小、位子要往樓上走2、3樓。
 樓茜Lou Qian ,https://www.google.com/maps/contrib/111400148743354121780/reviews?hl=zh-TW,3,False,62,那裡有油炸的東西，例如：薯條、漢堡、冰炫風......。
 superminj Cheng ,https://www.google.com/maps/contrib/117156135413913516994/reviews?hl=zh-TW,3,True,266,人潮眾多，桌子要記得清理乾淨
 Grace Ws Hung ,https://www.google.com/maps/contrib/101882751795872730909/reviews?hl=zh-TW,3,True,135,停車不方便服務迅速人員流動快
 lanlan wu (藍藍) ,https://www.google.com/maps/contrib/113202296023798135748/reviews?hl=zh-TW,4,True,143,服務快速、態度親切值得再次前往購買
 J L ,https://www.google.com/maps/contrib/100402189242086649465/reviews?hl=zh-TW,3,True,4,評論個屁，不就是麥當勞嗎？
 Irphen Lin ,https://www.google.com/maps/contrib/100848023072086605797/reviews?hl=zh-TW,5,True,143,有二、三樓座位，空間很寬敞。
 潘小錦 ,https://www.google.com/maps/contrib/116009488493870318004/reviews?hl=zh-TW,5,True,132,上了廁所，店內空間小!
 Yu Chun Wu ,https://www.google.com/maps/contrib/113352090434892263829/reviews?hl=zh-TW,5,True,368,服務佳，環境衛生可，座位多
 陳美伶 ,https://www.google.com/maps/contrib/107809172374664206097/reviews?hl=zh-TW,3,True,130,環境整潔真心建議：成長空間很大！
 何秀卿 ,https://www.google.com/maps/contrib/104540459992280683712/reviews?hl=zh-TW,4,True,61,還不錯吃，不大要排隊
 Jun-Jie ,https://www.google.com/maps/contrib/115279849256231567752/reviews?hl=zh-TW,3,True,20,地板有點小亂，除了這個，其他都很好。
 apple Apple ,https://www.google.com/maps/contrib/118153215694014298339/reviews?hl=zh-TW,1,False,8,麥克雞塊沒給糖醋醬！？
 Chen Zoe ,https://www.google.com/maps/contrib/113293108315308095734/reviews?hl=zh-TW,5,False,14,就，麥當勞。座位很多，不怕沒位子
 shiao ting chen ,https://www.google.com/maps/contrib/100545926541767998588/reviews?hl=zh-TW,3,True,348,客席蠻多，年輕人很愛聚集
 李承祝 ,https://www.google.com/maps/contrib/110753841297113597101/reviews?hl=zh-TW,5,True,"1,306",店面雖小但樓上座位滿多的
 Michael Lee ,https://www.google.com/maps/contrib/108895998351782490943/reviews?hl=zh-TW,4,True,250,雖然小稱不上美，還算可以！
 Chen szuchao ,https://www.google.com/maps/contrib/117268500856743303878/reviews?hl=zh-TW,1,False,3,"綠茶都是清水,沒有茶的味道。"
 葉佳琦 ,https://www.google.com/maps/contrib/103548082169915059447/reviews?hl=zh-TW,5,True,72,一加一很划算雞塊很好吃讚讚!
 曾心怡 ,https://www.google.com/maps/contrib/117397188007339975024/reviews?hl=zh-TW,3,True,27,與朋友，小孩聚會的地方~愛坐多久就坐多久😀
 林玉 ,https://www.google.com/maps/contrib/107313526718423821620/reviews?hl=zh-TW,1,True,31,已經無法用字句形容的爛
 莎莎 ,https://www.google.com/maps/contrib/100561056553294163753/reviews?hl=zh-TW,3,False,10,大薯沒有滿⋯
 陳俊吉 ,https://www.google.com/maps/contrib/117531585266391746368/reviews?hl=zh-TW,5,True,157,使用麥當勞APP享優惠，非常划算
 周添進 ,https://www.google.com/maps/contrib/118132648116697842131/reviews?hl=zh-TW,4,True,132,和一般麥當勞差不多，座位蠻多的
 李博太 ,https://www.google.com/maps/contrib/102565955766492902587/reviews?hl=zh-TW,3,True,41,如果人多注意紙袋裝了什麼
 賴琦霏 ,https://www.google.com/maps/contrib/114421666384566091413/reviews?hl=zh-TW,3,True,227,環境乾淨。
 Omd Sue ,https://www.google.com/maps/contrib/112352184710709463306/reviews?hl=zh-TW,4,True,218,榮總一帶可以輕鬆吹冷氣休息的地方
 Ark ,https://www.google.com/maps/contrib/116806826364843852598/reviews?hl=zh-TW,5,True,58,出餐很快但附近不好停車
 Yes L ,https://www.google.com/maps/contrib/110749477003516404966/reviews?hl=zh-TW,4,True,156,早餐黃金豬排吐司超推859而已
 黃小麥 ,https://www.google.com/maps/contrib/116974207410519992644/reviews?hl=zh-TW,4,True,349,方便丶好吃，適合聚餐或看書
 SC Lin ,https://www.google.com/maps/contrib/108909947533353274890/reviews?hl=zh-TW,1,True,98,整體環境有待加強，很髒
 Hsieh Kurin ,https://www.google.com/maps/contrib/113800839201989220414/reviews?hl=zh-TW,5,True,410,環境乾淨，特別是廁所，很棒
 Friend Chu ,https://www.google.com/maps/contrib/104129593737432502257/reviews?hl=zh-TW,3,True,254,用餐座位太少是缺點
 Luke So ,https://www.google.com/maps/contrib/104822168969354157071/reviews?hl=zh-TW,4,True,103,服務快速
 Ming Yuan Chao (Sylvia) ,https://www.google.com/maps/contrib/113632626715903647946/reviews?hl=zh-TW,5,True,60,三層樓，空間寬敞座位多多
 benny ho ,https://www.google.com/maps/contrib/112874439354311563419/reviews?hl=zh-TW,4,True,97,旅途中補充流失的水喝一杯蜂蜜冰咖啡
 Joanne Guo ,https://www.google.com/maps/contrib/104283774150380047353/reviews?hl=zh-TW,4,True,382,一般連鎖店品質，座位多
 Denis Lin ,https://www.google.com/maps/contrib/117030618053560915735/reviews?hl=zh-TW,3,True,259,感覺還乾淨，但位子不多
 alentang ,https://www.google.com/maps/contrib/109021953700043482554/reviews?hl=zh-TW,5,True,101,整潔乾淨
 Nicole Ma ,https://www.google.com/maps/contrib/104508283276835054889/reviews?hl=zh-TW,5,False,5,贊
 kevin hsiao ,https://www.google.com/maps/contrib/112646111243825975895/reviews?hl=zh-TW,5,False,12,服務人員很友善
 YiChing Wang ,https://www.google.com/maps/contrib/108879736512652918782/reviews?hl=zh-TW,3,True,44,座位多但清潔稍微不足
 姚佳欣 ,https://www.google.com/maps/contrib/107688779464646871512/reviews?hl=zh-TW,5,True,95,吃了兩包大薯超爽
 Chris Hsu ,https://www.google.com/maps/contrib/100634392526892910215/reviews?hl=zh-TW,5,True,207,乾淨服務態度很好
 Ariesest Leaf ,https://www.google.com/maps/contrib/106581844812268504372/reviews?hl=zh-TW,4,True,500,點餐速度算是不錯。
 jamie kung ,https://www.google.com/maps/contrib/105953454405063699028/reviews?hl=zh-TW,5,True,299,服務好，冷氣有冷👌
 聶仲衡 ,https://www.google.com/maps/contrib/114295841361762300135/reviews?hl=zh-TW,4,True,116,覺得這間薯條特別鹹
 KYRIOS ,https://www.google.com/maps/contrib/103816795495402890132/reviews?hl=zh-TW,4,True,21,就麥當勞你還想知道什麼
 牛鬼 ,https://www.google.com/maps/contrib/107964794143846627850/reviews?hl=zh-TW,4,True,92,"服務到位，
尖峰人太多。"
 Chumin Huang ,https://www.google.com/maps/contrib/103572935845694440569/reviews?hl=zh-TW,2,False,136,衛生有待加強位子有點少
 skybro Arlsis ,https://www.google.com/maps/contrib/110593622567176274871/reviews?hl=zh-TW,3,True,"1,107",沒有得來速，也不好臨停
 倪禮楨 ,https://www.google.com/maps/contrib/103766842822470701160/reviews?hl=zh-TW,3,False,388,搖搖麥脆雞肉少油多炸皮厚
 Yu-Tsan Lin ,https://www.google.com/maps/contrib/104018847641716203206/reviews?hl=zh-TW,4,True,750,空間大，只開到12點。
 許睿安 ,https://www.google.com/maps/contrib/109969212121314666585/reviews?hl=zh-TW,2,False,6,環境跟餐點有待改善
 Yi Khan Liao ,https://www.google.com/maps/contrib/109980069205342232127/reviews?hl=zh-TW,3,True,584,還好，就是麥當勞嘛！
 Areyou Chen ,https://www.google.com/maps/contrib/111263977228551417630/reviews?hl=zh-TW,3,True,"1,430","一般般
有很多位置可選擇"
 承 ,https://www.google.com/maps/contrib/116936596743798687724/reviews?hl=zh-TW,1,False,56,等餐等20分鐘
 擺渡人 ,https://www.google.com/maps/contrib/109985385745692827807/reviews?hl=zh-TW,4,True,"1,003",就麥當當，不好停車。
 歌唱修練計劃 ,https://www.google.com/maps/contrib/107562159155022066635/reviews?hl=zh-TW,1,False,1,冰奶茶無糖是沙小
 李大維 ,https://www.google.com/maps/contrib/111680124345959414039/reviews?hl=zh-TW,2,True,282,漢堡很小，味道還好。
 YR Gu ,https://www.google.com/maps/contrib/100991783011133018198/reviews?hl=zh-TW,4,False,152,不知道吃啥時的好選擇
 Jimny Liu ,https://www.google.com/maps/contrib/109394561738065891377/reviews?hl=zh-TW,5,False,62,附近有麥當當很方便
 Steven Domingo Soong ,https://www.google.com/maps/contrib/110607103273355720858/reviews?hl=zh-TW,3,True,356,有點舊也有點小，冷氣很冷
 Frank Yen ,https://www.google.com/maps/contrib/109592744232551267874/reviews?hl=zh-TW,5,True,64,距離石牌榮總很近而且旁邊就有停車場
 Robert Lee ,https://www.google.com/maps/contrib/117207590349647546645/reviews?hl=zh-TW,3,True,253,地方有一點小較擁擠
 羊小林 ,https://www.google.com/maps/contrib/115556271369990696187/reviews?hl=zh-TW,4,True,128,前往北榮的最後一站麥當勞…
 Hank 666 ,https://www.google.com/maps/contrib/108010273234829361071/reviews?hl=zh-TW,3,True,307,承德路的比較好有室外座位
 詹先冬 ,https://www.google.com/maps/contrib/101852990148292648499/reviews?hl=zh-TW,5,True,104,共同工作空間的好地點
 Vin Kao ,https://www.google.com/maps/contrib/115403270274763750056/reviews?hl=zh-TW,2,True,469,空間太小了，很擁擠
 Eva Chen ,https://www.google.com/maps/contrib/117389370432791146429/reviews?hl=zh-TW,4,True,172,中規中矩的麥當勞但是裡面有點舊
 raves lo ,https://www.google.com/maps/contrib/101431106132973956034/reviews?hl=zh-TW,5,True,514,想吃就來！
 Wunyue Shih ,https://www.google.com/maps/contrib/114283751578015292850/reviews?hl=zh-TW,1,False,2,遇到教授尬聊心情有夠差
 何季蓉 ,https://www.google.com/maps/contrib/118180679430223962736/reviews?hl=zh-TW,5,True,48,用餐環境舒適
 陳菁芬 ,https://www.google.com/maps/contrib/114908942134021543459/reviews?hl=zh-TW,4,True,684,快速便利好吃選擇多樣化
 天天 ,https://www.google.com/maps/contrib/110271019352701544519/reviews?hl=zh-TW,3,True,729,就麥當當毫無反應
 Chun Hua Huang ,https://www.google.com/maps/contrib/112616901832813514104/reviews?hl=zh-TW,4,True,221,還ok偶有髒亂的店
 毛兒（毛兒） ,https://www.google.com/maps/contrib/116630269891876030658/reviews?hl=zh-TW,4,True,87,服务•效率•環境都不錯
 加菲Be ,https://www.google.com/maps/contrib/112246173057887426426/reviews?hl=zh-TW,4,True,169,環境舒適！餐點乾淨！
 huichun Li ,https://www.google.com/maps/contrib/100605483104846559082/reviews?hl=zh-TW,4,True,254,還算乾淨服務也不錯
 王忠順 ,https://www.google.com/maps/contrib/102064407868402134599/reviews?hl=zh-TW,4,True,84,不錯，服務人員態度親切。
 Sir Steve ,https://www.google.com/maps/contrib/106002092850483327485/reviews?hl=zh-TW,3,True,51,位子蠻多的，店員可愛😘😘
 吳弦剛 ,https://www.google.com/maps/contrib/101039625896898964807/reviews?hl=zh-TW,4,True,22,醫院旁就是人有點多。
 楊淑晴 ,https://www.google.com/maps/contrib/108157119676333392072/reviews?hl=zh-TW,5,True,250,服務熱誠，取餐快速
 WeiChun Chuang ,https://www.google.com/maps/contrib/101970936511033802008/reviews?hl=zh-TW,5,True,251,這邊位置很多還有兒童區
 蕭鈺樺 ,https://www.google.com/maps/contrib/116935782506522306905/reviews?hl=zh-TW,3,True,26,服務人員態度沒很好
 aki Lin ,https://www.google.com/maps/contrib/114803393075992934212/reviews?hl=zh-TW,3,True,923,鄰近榮總，用餐人蠻多的
 萬福 ,https://www.google.com/maps/contrib/117213766222651033346/reviews?hl=zh-TW,5,False,16,服務人員親切貼心。
 Beder Chen ,https://www.google.com/maps/contrib/101777797854469714283/reviews?hl=zh-TW,5,True,37,服務態度良好!很不錯。
 Kay O (地球) ,https://www.google.com/maps/contrib/109828939128144463839/reviews?hl=zh-TW,5,True,58,除了薯條很短其他都很棒
 傅夢夢 ,https://www.google.com/maps/contrib/113447234598245766531/reviews?hl=zh-TW,3,False,12,乾淨，黑漆漆，但舒服
 Stacey Liao ,https://www.google.com/maps/contrib/101281300380029799682/reviews?hl=zh-TW,4,True,104,還ok不過中午人超多
 Raphael (Raphael) ,https://www.google.com/maps/contrib/116782333532738079174/reviews?hl=zh-TW,4,True,84,非24小時營業不要撲空了
 MAO CHIU ,https://www.google.com/maps/contrib/116501205421337963219/reviews?hl=zh-TW,3,True,127,座位有點不夠...
 孫睿銓 ,https://www.google.com/maps/contrib/117477397428112889602/reviews?hl=zh-TW,3,True,293,不算大間的麥當勞🍔
 Sean ,https://www.google.com/maps/contrib/110704585690649295302/reviews?hl=zh-TW,3,True,297,"啊就麥當勞啊
小小有點髒髒"
 陳龍庭 ,https://www.google.com/maps/contrib/106186054627796125421/reviews?hl=zh-TW,3,True,217,服務不錯，價位不低
 J.H Lin ,https://www.google.com/maps/contrib/111650634527299935723/reviews?hl=zh-TW,3,True,252,店員部分訓練待加強
 XPS ,https://www.google.com/maps/contrib/112154730031960795046/reviews?hl=zh-TW,5,True,"1,589",讚，從小吃到大
 david lin ,https://www.google.com/maps/contrib/110004382492740210407/reviews?hl=zh-TW,4,True,11,還不錯很適合坐坐
 凌逸豪 ,https://www.google.com/maps/contrib/105570575243135021804/reviews?hl=zh-TW,5,False,10,麥當勞的蕈菇黑牛堡好吃
 Wei Cheng ,https://www.google.com/maps/contrib/114746752613048331750/reviews?hl=zh-TW,1,False,11,大薯份量跟中薯一樣
 韓文鵬（彈頭） ,https://www.google.com/maps/contrib/112371784788248106694/reviews?hl=zh-TW,4,True,412,店員服務優秀
 賴竹村（Kelvin） ,https://www.google.com/maps/contrib/100508267205362522449/reviews?hl=zh-TW,4,True,"1,016",麥當勞的滿福堡超好吃
 謝尚諭 ,https://www.google.com/maps/contrib/110662284069778861705/reviews?hl=zh-TW,5,True,37,總是讓人感到親切
 絲博暉 ,https://www.google.com/maps/contrib/111971867087189834757/reviews?hl=zh-TW,5,True,99,這家店員很nice
 sandra wong ,https://www.google.com/maps/contrib/117869184170686018884/reviews?hl=zh-TW,4,True,761,麥當勞每家標準都一樣
 mento ,https://www.google.com/maps/contrib/116955866934307906768/reviews?hl=zh-TW,4,True,38,標準流程不馬虎，士氣高昂
 柯文元 ,https://www.google.com/maps/contrib/109996510747495062402/reviews?hl=zh-TW,4,True,41,店小但服務不錯
 陳睿智 ,https://www.google.com/maps/contrib/116024944554305833250/reviews?hl=zh-TW,3,True,22,麥當勞本身就普通而已
 Shuman Lin ,https://www.google.com/maps/contrib/100970675470663401576/reviews?hl=zh-TW,4,True,420,方便，店面有點小
 chris yeh ,https://www.google.com/maps/contrib/118342949339038619790/reviews?hl=zh-TW,4,True,217,點餐迅速有效率
 沈美瑜 ,https://www.google.com/maps/contrib/105311325356106455631/reviews?hl=zh-TW,5,True,63,天母店關後是離家較近店
 chen nash (Tim) ,https://www.google.com/maps/contrib/100051342228528558286/reviews?hl=zh-TW,4,True,315,乾淨，舒服
 HD WU ,https://www.google.com/maps/contrib/108773166314603077324/reviews?hl=zh-TW,2,True,77,有點亂沒人打掃
 Bing-Ze Lin ,https://www.google.com/maps/contrib/118411530573542879784/reviews?hl=zh-TW,4,True,123,空間大，適合朋友聚會
 杜曉雯 ,https://www.google.com/maps/contrib/104290609319430785693/reviews?hl=zh-TW,1,True,48,佔位子的情形很嚴重
 yi ,https://www.google.com/maps/contrib/114941631905767029595/reviews?hl=zh-TW,1,False,1,薯條超難吃
 范文傑 ,https://www.google.com/maps/contrib/112053370011311734364/reviews?hl=zh-TW,1,False,19,楊姓員工態度非常差勁
 小荳 ,https://www.google.com/maps/contrib/110085361177001818276/reviews?hl=zh-TW,5,False,35,麥當勞姊姊人很親切
 MINHAN WU ,https://www.google.com/maps/contrib/105875016229272134980/reviews?hl=zh-TW,5,True,33,只開到12點
 golden Wei ,https://www.google.com/maps/contrib/104267351257958162097/reviews?hl=zh-TW,3,True,66,大馬路上的方便用餐處
 錢雲傑 ,https://www.google.com/maps/contrib/116826090352777541284/reviews?hl=zh-TW,4,True,157,附近只剩這家了
 蔡明莉 ,https://www.google.com/maps/contrib/101694043935791960934/reviews?hl=zh-TW,4,False,25,服務態度還不錯
 jo c ,https://www.google.com/maps/contrib/113057050926282494054/reviews?hl=zh-TW,1,True,27,以後再也不去
 張銘洲 ,https://www.google.com/maps/contrib/116733491561346784660/reviews?hl=zh-TW,4,True,235,服務好，教統便利
 wen yuan hsu ,https://www.google.com/maps/contrib/107480226287183839790/reviews?hl=zh-TW,5,True,203,簡單ㄧ餐，快速解決
 李依珊 ,https://www.google.com/maps/contrib/115337745911265708420/reviews?hl=zh-TW,5,False,4,專業、有效率
 空哥 ,https://www.google.com/maps/contrib/108891933006868134173/reviews?hl=zh-TW,1,False,13,店家惡意拖餐
 賴張雄 ,https://www.google.com/maps/contrib/112456843579563090571/reviews?hl=zh-TW,3,True,139,方便的地方暫時休閒
 hsiao poling ,https://www.google.com/maps/contrib/117921984196752474186/reviews?hl=zh-TW,5,True,105,安靜舒適的用餐環境
 路可優 ,https://www.google.com/maps/contrib/116488606579225891340/reviews?hl=zh-TW,4,True,"1,817",服務態度優質
 李新穎 ,https://www.google.com/maps/contrib/117934057211499621640/reviews?hl=zh-TW,4,False,16,服務態度很親切
 方大同 ,https://www.google.com/maps/contrib/116081069134129328325/reviews?hl=zh-TW,3,True,568,就是麥當勞沒什麼特色
 Ben Chang ,https://www.google.com/maps/contrib/107642155850381844596/reviews?hl=zh-TW,4,True,245,可惜沒有得來速!!
 Jason Chang ,https://www.google.com/maps/contrib/118092934740204217347/reviews?hl=zh-TW,1,False,16,服務很差
 有沒有含金量 ,https://www.google.com/maps/contrib/110878975900721726725/reviews?hl=zh-TW,1,False,2,整家店都有問題
 Ming-Jia Hsu ,https://www.google.com/maps/contrib/110330903787421027456/reviews?hl=zh-TW,3,True,215,環境整潔有待加強
 Jack T ,https://www.google.com/maps/contrib/108364733567192833412/reviews?hl=zh-TW,4,False,"1,167",距離榮總最近的麥當勞。
 Sam Cheng ,https://www.google.com/maps/contrib/105790973154999986255/reviews?hl=zh-TW,2,False,2,劉則坊覺得太俗
 Will J ,https://www.google.com/maps/contrib/103718630267444305728/reviews?hl=zh-TW,1,False,59,要的東西常常沒有....
 吃貨渝 ,https://www.google.com/maps/contrib/113160724672534339555/reviews?hl=zh-TW,4,True,618,服務迅速態度很好！
 薛正中 Steve Xue正中 ,https://www.google.com/maps/contrib/100702458208514723552/reviews?hl=zh-TW,5,False,11,服務人員很好。
 Mike Cheng ,https://www.google.com/maps/contrib/103245610049411247603/reviews?hl=zh-TW,4,True,452,空間大選擇性多
 楊宜婷 ,https://www.google.com/maps/contrib/114312961938473398589/reviews?hl=zh-TW,5,True,21,剛好沒開QQ
 泌咪基地 ,https://www.google.com/maps/contrib/106369154628498486554/reviews?hl=zh-TW,5,True,71,還挺有效率
 許秝瑋 ,https://www.google.com/maps/contrib/107461618462306065317/reviews?hl=zh-TW,4,True,23,點餐處偏窄
 Peter潘 ,https://www.google.com/maps/contrib/116243196229466926832/reviews?hl=zh-TW,3,True,178,內用座位較少
 Roy Sun ,https://www.google.com/maps/contrib/100156021685972677749/reviews?hl=zh-TW,2,True,20,員工訓練請加強
 Seapot Lee ,https://www.google.com/maps/contrib/117547114175138350132/reviews?hl=zh-TW,5,True,240,永遠的好朋友
 許世昇 ,https://www.google.com/maps/contrib/117437285091927301103/reviews?hl=zh-TW,4,False,2,對客戶很親切
 戴俞任 ,https://www.google.com/maps/contrib/117091736001996979870/reviews?hl=zh-TW,5,True,9,服務態度品質不錯
 建興朱（小朱朱） ,https://www.google.com/maps/contrib/103582347988314626621/reviews?hl=zh-TW,2,True,151,還好
 蕭強 ,https://www.google.com/maps/contrib/111429171986975781190/reviews?hl=zh-TW,1,False,11,很差的用餐環境
 TJ Lee ,https://www.google.com/maps/contrib/109308684045197196878/reviews?hl=zh-TW,3,True,234,標準，沒意外。
 雷濟菘 ,https://www.google.com/maps/contrib/114958301457927282182/reviews?hl=zh-TW,3,False,736,給你一個讚
 Yuhan Hsu ,https://www.google.com/maps/contrib/104600116597873276389/reviews?hl=zh-TW,5,True,144,麥當勞很方便
 大林 ,https://www.google.com/maps/contrib/114500460137893756698/reviews?hl=zh-TW,3,True,452,榮總門診用餐的地方
 tadasuke sai ,https://www.google.com/maps/contrib/114814391015203124633/reviews?hl=zh-TW,4,True,42,方便點餐
 劉德文 ,https://www.google.com/maps/contrib/114071007664553733004/reviews?hl=zh-TW,3,True,142,方便快速衛生!
 劉羿成 ,https://www.google.com/maps/contrib/112182790466654503665/reviews?hl=zh-TW,3,False,16,就，麥當當
 shu-ling lee (Ling) ,https://www.google.com/maps/contrib/111460304649228481038/reviews?hl=zh-TW,3,True,96,消夜點心好去處
 Jacky Chen ,https://www.google.com/maps/contrib/110966084848809931835/reviews?hl=zh-TW,4,True,179,用餐環境很好
 琪 ,https://www.google.com/maps/contrib/109249206511829283328/reviews?hl=zh-TW,5,True,15,好像有三樓
 Hung Yiping ,https://www.google.com/maps/contrib/105321004797209825442/reviews?hl=zh-TW,4,False,175,還可以，乾淨
 劉福英 ,https://www.google.com/maps/contrib/104087152566637589981/reviews?hl=zh-TW,5,True,183,喜歡自在的麥當勞
 陳孟輝 ,https://www.google.com/maps/contrib/102488932329039940389/reviews?hl=zh-TW,4,False,8,舒服的用餐環境
 辜印度 ,https://www.google.com/maps/contrib/117245410505934417459/reviews?hl=zh-TW,3,True,102,二樓有點臭
 lin lin ,https://www.google.com/maps/contrib/116002547398707891161/reviews?hl=zh-TW,5,True,163,參加活動很好玩
 斯巴斯汀 ,https://www.google.com/maps/contrib/108879634732852097243/reviews?hl=zh-TW,5,True,174,國中回憶，石牌麥當勞
 Chien JungChih ,https://www.google.com/maps/contrib/113361973429989290533/reviews?hl=zh-TW,5,True,56,還算乾淨
 Levi Su ,https://www.google.com/maps/contrib/106670496506580199393/reviews?hl=zh-TW,5,True,51,位置多不錯
 midacoo ,https://www.google.com/maps/contrib/116397675400639798633/reviews?hl=zh-TW,3,True,143,座位有點不夠
 陳信宏 ,https://www.google.com/maps/contrib/113190482291358895593/reviews?hl=zh-TW,3,True,435,薯條很好吃
 Michael Tsai ,https://www.google.com/maps/contrib/113790540334837988706/reviews?hl=zh-TW,3,True,42,還可以啦。
 元榮 ,https://www.google.com/maps/contrib/102664500390524995533/reviews?hl=zh-TW,2,True,442,2樓空調不佳
 scythia chen ,https://www.google.com/maps/contrib/109740903881968674083/reviews?hl=zh-TW,4,True,249,簡單吃一餐。
 李小米 ,https://www.google.com/maps/contrib/114474170625796995146/reviews?hl=zh-TW,5,True,150,服務好，迅速
 王維澤 ,https://www.google.com/maps/contrib/108027720898510631981/reviews?hl=zh-TW,4,True,51,就是一般的麥當勞
 小克 ,https://www.google.com/maps/contrib/102541551644527431289/reviews?hl=zh-TW,3,True,90,就是－般的麥當勞
 呂効修 ,https://www.google.com/maps/contrib/118191664222099827856/reviews?hl=zh-TW,5,True,226,環境很舒適
 許哲銘 ,https://www.google.com/maps/contrib/114503671150135106730/reviews?hl=zh-TW,3,True,28,一般的麥當勞環境
 Luis ,https://www.google.com/maps/contrib/113309343850799071621/reviews?hl=zh-TW,4,True,318,坐著休息的好地方
 張文芳（阿芳） ,https://www.google.com/maps/contrib/112751350993490366967/reviews?hl=zh-TW,4,True,204,就麥當勞囉…
 陳立信 ,https://www.google.com/maps/contrib/112795981695230276736/reviews?hl=zh-TW,2,True,232,麥當勞吃不堡
 Ryan C ,https://www.google.com/maps/contrib/118285396299453310306/reviews?hl=zh-TW,5,False,25,人潮眾多
 Mark ,https://www.google.com/maps/contrib/118134256098039945472/reviews?hl=zh-TW,3,True,121,態度還好
 rahung chen ,https://www.google.com/maps/contrib/111632686002202899801/reviews?hl=zh-TW,3,True,50,座位實在太少
 Iveta Chen ,https://www.google.com/maps/contrib/104665241057263931619/reviews?hl=zh-TW,4,True,98,麥當勞都是維尼！
 吳孟霖 ,https://www.google.com/maps/contrib/100916547342727298156/reviews?hl=zh-TW,5,False,6,方便舒適
 邱天成 ,https://www.google.com/maps/contrib/104947929819358846265/reviews?hl=zh-TW,4,True,7,整體環境不錯
 Edward Cheng ,https://www.google.com/maps/contrib/116456247643300158107/reviews?hl=zh-TW,3,True,21,櫃台態度冷淡
 Knight Tseng ,https://www.google.com/maps/contrib/110346007328449831464/reviews?hl=zh-TW,4,True,359,從小吃到大
 sky sung ,https://www.google.com/maps/contrib/105809003081363195479/reviews?hl=zh-TW,3,True,31,停車不便，
 oe J ,https://www.google.com/maps/contrib/114989944244865948264/reviews?hl=zh-TW,5,True,25,動線講解分明
 Mina M ,https://www.google.com/maps/contrib/111523539698914159437/reviews?hl=zh-TW,4,True,43,好吃服務好
 Michael Yang ,https://www.google.com/maps/contrib/117816816170238561161/reviews?hl=zh-TW,4,True,136,送免費酷罐杯
 張恩旋 ,https://www.google.com/maps/contrib/105912739296569953664/reviews?hl=zh-TW,5,True,51,用餐環境佳
 Renata 品瑜 Chou ,https://www.google.com/maps/contrib/100412383150193371498/reviews?hl=zh-TW,4,True,64,還行
 曾育佳 ,https://www.google.com/maps/contrib/113351942427003443387/reviews?hl=zh-TW,5,False,6,服務不錯讚
 葉承 ,https://www.google.com/maps/contrib/109745082577621608326/reviews?hl=zh-TW,3,True,380,方便，親切！
 黃柏翔 ,https://www.google.com/maps/contrib/113653430827344106954/reviews?hl=zh-TW,5,True,110,讚
 楊寶蓮 ,https://www.google.com/maps/contrib/108052009508264656074/reviews?hl=zh-TW,2,True,276,服務態度差
 Tom Chou ,https://www.google.com/maps/contrib/101864458160944337487/reviews?hl=zh-TW,1,False,10,很糟糕的服務
 蔡宗成 ,https://www.google.com/maps/contrib/108483056237511006499/reviews?hl=zh-TW,4,True,38,附近不易停車
 語珍 ,https://www.google.com/maps/contrib/103165748235667679915/reviews?hl=zh-TW,2,True,23,"吃到

快熱死了"
 kevin WEI ,https://www.google.com/maps/contrib/110219257136890689917/reviews?hl=zh-TW,2,True,57,就是麥當勞而已
 丁文傑 ,https://www.google.com/maps/contrib/107818969651184612895/reviews?hl=zh-TW,4,True,63,這邊的還不錯
 田雅璇 ,https://www.google.com/maps/contrib/103190209021205485214/reviews?hl=zh-TW,3,False,4,臭臭的但乾淨
 Pinyen Kao ,https://www.google.com/maps/contrib/117222250599919578662/reviews?hl=zh-TW,5,False,537,平價好吃
 Riker Tang ,https://www.google.com/maps/contrib/114777655268715654018/reviews?hl=zh-TW,4,True,231,值得信賴的好朋友
 蔡米蟲 ,https://www.google.com/maps/contrib/110731805513043057204/reviews?hl=zh-TW,3,True,40,還行
 李博弘 ,https://www.google.com/maps/contrib/112370842168710731457/reviews?hl=zh-TW,3,True,171,略顯老舊
 Lin William ,https://www.google.com/maps/contrib/106515430119893765574/reviews?hl=zh-TW,5,True,446,停車不方便
 王永明Luke YMW ,https://www.google.com/maps/contrib/103452319715226633747/reviews?hl=zh-TW,3,True,159,就麥噹噹囉
 陳俊翔 ,https://www.google.com/maps/contrib/106469202479135229363/reviews?hl=zh-TW,4,True,422,有點小間
 55 aq44 ,https://www.google.com/maps/contrib/103020177305490823967/reviews?hl=zh-TW,4,True,177,就一般的麥當勞
 玥玥 ,https://www.google.com/maps/contrib/116182854589331366678/reviews?hl=zh-TW,3,True,281,設備有點陳舊
 steven chen ,https://www.google.com/maps/contrib/114277347736379899874/reviews?hl=zh-TW,3,True,431,就是個麥當勞
 如如RuRu ,https://www.google.com/maps/contrib/100696454465344086781/reviews?hl=zh-TW,5,True,58,服務態度佳
 helen zhao ,https://www.google.com/maps/contrib/100983969173002455567/reviews?hl=zh-TW,5,False,4,服務很好
 俞一平 ,https://www.google.com/maps/contrib/107894385417478088484/reviews?hl=zh-TW,3,True,65,等有點久
 julia chen ,https://www.google.com/maps/contrib/110899017485053834537/reviews?hl=zh-TW,3,True,345,冷氣很強
 Karen Huang ,https://www.google.com/maps/contrib/101673573357475133499/reviews?hl=zh-TW,5,True,59,挺不錯的地方哦
 B ob ,https://www.google.com/maps/contrib/107424149409251188961/reviews?hl=zh-TW,5,True,132,冷氣很涼
 jun ,https://www.google.com/maps/contrib/103157097250786144303/reviews?hl=zh-TW,3,True,173,只是經過而已
 江謝孟樺 ,https://www.google.com/maps/contrib/113222922086691949768/reviews?hl=zh-TW,1,False,9,爛薯條
 Wayne Yang ,https://www.google.com/maps/contrib/115746731423927839325/reviews?hl=zh-TW,4,True,959,乾淨
 KANTEI KAKU ,https://www.google.com/maps/contrib/118244332707812759557/reviews?hl=zh-TW,3,False,444,越來越貴
 蔣恩言 ,https://www.google.com/maps/contrib/100640944073418587298/reviews?hl=zh-TW,4,True,135,就麥當勞阿
 宋立仁 ,https://www.google.com/maps/contrib/106277739204711633691/reviews?hl=zh-TW,3,True,727,純粹速食餐廳
 李民農 ,https://www.google.com/maps/contrib/113138899256822413112/reviews?hl=zh-TW,4,True,34,座位蠻多的
 Francis Liu ,https://www.google.com/maps/contrib/106830709685447403510/reviews?hl=zh-TW,4,True,416,吃薯條的地方
 郭明仁 ,https://www.google.com/maps/contrib/109194649617638240896/reviews?hl=zh-TW,5,True,64,麥當勞就是一般麥當勞
 L L ,https://www.google.com/maps/contrib/101673189483677632741/reviews?hl=zh-TW,5,True,201,不錯呀~
 T Mark ,https://www.google.com/maps/contrib/101467452972426703205/reviews?hl=zh-TW,4,True,221,很小的店鋪
 許至宏 ,https://www.google.com/maps/contrib/105838293135267716309/reviews?hl=zh-TW,2,True,113,衛生不好
 Shao Syuan Tong ,https://www.google.com/maps/contrib/100608126667753102336/reviews?hl=zh-TW,5,True,51,麥當勞讚
 Joe Lee ,https://www.google.com/maps/contrib/103901075218633391690/reviews?hl=zh-TW,3,True,234,不得已的選擇
 史迪奇 ,https://www.google.com/maps/contrib/111344156975350450257/reviews?hl=zh-TW,5,True,25,讚啦！
 郭博文 ,https://www.google.com/maps/contrib/110531490652035310419/reviews?hl=zh-TW,5,True,328,服務很好
 Daniel Wang (Danielw) ,https://www.google.com/maps/contrib/114755590040033659635/reviews?hl=zh-TW,4,True,247,離家近而已
 wayne Chen ,https://www.google.com/maps/contrib/103118031853214132500/reviews?hl=zh-TW,3,True,93,服務很好
 lisa Chen ,https://www.google.com/maps/contrib/109711440208278385765/reviews?hl=zh-TW,2,False,4,座椅老舊
 簡崧丞 ,https://www.google.com/maps/contrib/103730362296037659032/reviews?hl=zh-TW,4,True,278,適合學生
 徐阿雲 ,https://www.google.com/maps/contrib/101074617189777547483/reviews?hl=zh-TW,5,True,97,讚
 王樂誠 ,https://www.google.com/maps/contrib/100359852474006711551/reviews?hl=zh-TW,2,True,60,冷氣太冷
 530910 aa ,https://www.google.com/maps/contrib/104523247162348480004/reviews?hl=zh-TW,3,True,40,還可以
 何小姐 ,https://www.google.com/maps/contrib/108290602089379514885/reviews?hl=zh-TW,5,False,20,服務好
 Richard Chang ,https://www.google.com/maps/contrib/102689242949938575949/reviews?hl=zh-TW,5,True,21,讚
 陳怡璇 ,https://www.google.com/maps/contrib/114537484117519155892/reviews?hl=zh-TW,5,True,60,大愛冰炫風
 胡拔比 ,https://www.google.com/maps/contrib/115623871254851523211/reviews?hl=zh-TW,5,False,6,我瘋了
 謝鴻林 ,https://www.google.com/maps/contrib/105131904492450588801/reviews?hl=zh-TW,5,True,84,服務親切。
 陳安琦 ,https://www.google.com/maps/contrib/105819840358869919070/reviews?hl=zh-TW,4,True,414,正常的麥當勞
 Lawrence Lee ,https://www.google.com/maps/contrib/118225437205366599984/reviews?hl=zh-TW,5,True,85,環境很好
 李佳樺 ,https://www.google.com/maps/contrib/108061146716749220035/reviews?hl=zh-TW,5,True,45,環境好。
 曹敏峯 ,https://www.google.com/maps/contrib/107519122576895204593/reviews?hl=zh-TW,4,True,177,不錯快速
 全城熱愛 ,https://www.google.com/maps/contrib/103315375496336108404/reviews?hl=zh-TW,5,True,14,就是讚
 趙偉程 ,https://www.google.com/maps/contrib/105713658909983954716/reviews?hl=zh-TW,4,True,153,服務親切
 D神手 ,https://www.google.com/maps/contrib/100127749863851823389/reviews?hl=zh-TW,4,True,21,不錯
 Roy Chen ,https://www.google.com/maps/contrib/115355516502723493917/reviews?hl=zh-TW,4,True,253,環境整潔
 Asa G.W. Hsu ,https://www.google.com/maps/contrib/114466969071539290151/reviews?hl=zh-TW,3,True,222,門面小
 小姑娘 ,https://www.google.com/maps/contrib/109207119749595305117/reviews?hl=zh-TW,5,True,253,讚
 wan xin chung ,https://www.google.com/maps/contrib/107438705245245927448/reviews?hl=zh-TW,4,True,90,服務好
 劉美玲 ,https://www.google.com/maps/contrib/102608297515623698045/reviews?hl=zh-TW,5,False,17,不錯
 Wei Q ,https://www.google.com/maps/contrib/106245221004938138518/reviews?hl=zh-TW,4,True,217,專業
 Vincent Hsiao ,https://www.google.com/maps/contrib/114129246521582490652/reviews?hl=zh-TW,5,True,52,環境舒適
 Chih Yu Chen ,https://www.google.com/maps/contrib/109797893410117353555/reviews?hl=zh-TW,3,True,127,麥可當勞
 Richard Lee ,https://www.google.com/maps/contrib/115284274531698461128/reviews?hl=zh-TW,4,True,169,親切服務
 賴先生 ,https://www.google.com/maps/contrib/103362121894914731417/reviews?hl=zh-TW,4,True,92,就是麥當勞
 TW ,https://www.google.com/maps/contrib/109465693872682454826/reviews?hl=zh-TW,3,True,166,還好
 李榮昌 ,https://www.google.com/maps/contrib/109181827688714692642/reviews?hl=zh-TW,5,True,33,服務親切
 Milwaukee Makita (matabo) ,https://www.google.com/maps/contrib/112765338044751829097/reviews?hl=zh-TW,5,True,302,服務親切
 liao kent ,https://www.google.com/maps/contrib/104195902416785326169/reviews?hl=zh-TW,5,False,313,讚
 洪嘟嘟 ,https://www.google.com/maps/contrib/103844842019445597650/reviews?hl=zh-TW,5,False,7,環境好
 吉富 ,https://www.google.com/maps/contrib/111732435821374229268/reviews?hl=zh-TW,4,True,58,一般的麥當勞
 cn weng ,https://www.google.com/maps/contrib/104814493391372938579/reviews?hl=zh-TW,4,True,665,小型的麥當勞
 戴瑋志 ,https://www.google.com/maps/contrib/102593949746584599387/reviews?hl=zh-TW,4,True,417,就麥當勞
 貴芳張 ,https://www.google.com/maps/contrib/118167194215899286299/reviews?hl=zh-TW,3,True,148,就麥當勞
 陳欣艶 ,https://www.google.com/maps/contrib/114694376952298901106/reviews?hl=zh-TW,4,True,50,動作快速
 ollen liu ,https://www.google.com/maps/contrib/115429453635588032302/reviews?hl=zh-TW,3,True,940,歐.M
 孟波 ,https://www.google.com/maps/contrib/117964756444833094215/reviews?hl=zh-TW,3,True,92,環境衛生
 Cookie Huang ,https://www.google.com/maps/contrib/112482978949076821519/reviews?hl=zh-TW,2,False,9,"等候點餐的人約有十幾人
自動點餐機兩台
櫃檯卻沒有開放
等點餐就十分鐘了"
 kay ,https://www.google.com/maps/contrib/105500483675465293666/reviews?hl=zh-TW,5,True,46,麥家服務人員其實都很熱心，值得推薦的.
 レガリヤ・ヨカリンスキ ,https://www.google.com/maps/contrib/105309739217796859060/reviews?hl=zh-TW,2,True,53,"(由Google提供翻譯)從2022年7月開始，這家店的情況不太可能好。
店裡沒有水，所以喝不上什麼飲料，有時會提供太粗糙的漢堡，雖然這可能是Mac的內部主義，但工作人員似乎根本不想使用收銀機，並且只推薦訂購機器。
最重要的是，最讓人難以忍受的是味道淡的可樂。
我沒有點碳酸水。
在天目/北投地區，可能是你想在最後一刻才去的Mac。

(原始評論)
2022年7月から店舗の状況が良くなさそうです。
店に水がなくて飲み物一切提供出来なかったり、雑すぎるバーガーなどを時々提供したり、マックの内部ドクトリンかもしれないけど店員さんは全くレジ打ちたくなさそうで、注文機だけを勧めたりとか。
何より、味の薄いコーラを出してくるのが一番耐え難い。
注文したのは炭酸水じゃないけどな。
天母・北投辺りでは最後の最後しか行きたくないマックかもしれない。"
 xSnitchHD ,https://www.google.com/maps/contrib/107666808094258978029/reviews?hl=zh-TW,5,True,98,"(由Google提供翻譯)食物供應到凌晨12:00，有時非常方便。您不必等待很長時間即可獲得食物，而且價格也很便宜。
好店。

(原始評論)
Bis0:00UhrgibteshierEssen,wasmanchmalechtpraktischist.MannurnichtlangeaufseinEssenwartenundistauchgünstig.
GuterLaden."
 Thomas Lee ,https://www.google.com/maps/contrib/101817586511355842698/reviews?hl=zh-TW,1,True,38,"(由Google提供翻譯)為什麼你需要一個多小時的交貨訂單？1小時過去了，仍在準備您的訂單……如果我在任何其他地點訂購，最多需要30分鐘才能得到我的飯菜。您必須屠宰牛並種植蔬菜嗎？這就是為什麼它需要這麼長時間嗎？不要從這個位置訂購。

(原始評論)
Whyintheworldwouldyouneedoveranhourforadeliveryorder?1hourhaspassedandstillpreparingyourorder…Itwouldtakememaximum30minutestogetmymealifIordereditatanyotherlocation.Doyouhavetoslaughterthecowandgrowyourvegetables?Isthatwhyitstakingsolong?Don’torderfromthislocation."
 Cze Grijaldo ,https://www.google.com/maps/contrib/112562041846802678190/reviews?hl=zh-TW,5,True,11,"(由Google提供翻譯)每次去McDo我都喜歡吃煎餅。Soyunmy🤘

(原始評論)
IlovetoeatpancakeeverytimeidropbyatMcDo.Soyunmy🤘"
 Yong Tseng ,https://www.google.com/maps/contrib/110401434355251834003/reviews?hl=zh-TW,5,True,86,"(由Google提供翻譯)這家分店可能看起來很小，但它有4層樓，所以不太難找到座位（如果你不介意走樓梯的話）。它有一個兒童遊樂場，但由於covid-19而暫時關閉。最近安裝了售貨亭，以便於訂購。

(原始評論)
Thisbranchmayseemsmallbutithas4floorssoseatsaren'ttoohardtofind(ifyoudon'tmindtakingthestairs).Ithasakid'splaygroundalthoughit'stemporarilyclosedduetocovid-19.Kiosksarerecentlyinstalledforeasierordering."
 JONQ-YUAN WANG ,https://www.google.com/maps/contrib/103500641906528145409/reviews?hl=zh-TW,5,False,5,出餐速度非常快
 jiesen Lin (小林) ,https://www.google.com/maps/contrib/109463613491651048486/reviews?hl=zh-TW,4,True,96,"早餐缺少漢堡项目

(由Google提供翻譯)
早餐缺少漢堡項目"
 Lori Hoddinott ,https://www.google.com/maps/contrib/103513327282755706887/reviews?hl=zh-TW,5,True,79,"(由Google提供翻譯)我們的購買總費用出現了問題。兩天后，我們與經理進行了交談。即使不是同一天，他也很快糾正了問題。對客戶服務非常滿意！

(原始評論)
Weexperiencedaproblemwiththetotalcostofourpurchase.Twodayslater,wetalkedwithaManageraboutthis.Hewasquicktorectifytheproblemeventhoughitwasn'tthesameday.VerysatisfiedwithCustomerService!"
 Edward Chang ,https://www.google.com/maps/contrib/110697034676467798363/reviews?hl=zh-TW,4,True,743,"(由Google提供翻譯)快速的服務和穩定的質量。

(原始評論)
Quickservicesandconsistentquality."
 Yu Chun Ma ,https://www.google.com/maps/contrib/108759372860401664787/reviews?hl=zh-TW,4,True,269,"(由Google提供翻譯)最近的麥當勞國立陽明大學，台北護理大學和台北VGH。在高峰時段可能會變得非常擁擠。即使是4層樓，座位也有限。廁所在3F。請注意，這不是24小時營業的分行。您可能想親臨承德分公司享受24/7服務

(原始評論)
ClosestMcDonald’sofNationalyangminguniversity,TaipeinursinguniversityandTaipeiVGH.Maygetreallycrowdedduringpeakhours.Limitedseatingsevenifit’sa4storiesbuilding.Toiletsat3F.Beawarethatitisnota24hoursbranch.YoumaywanttovisitChengdebranchfor24/7service"
 陳致翰 ,https://www.google.com/maps/contrib/103905148675109536047/reviews?hl=zh-TW,5,True,22,好吃
 Sandip Ghosh ,https://www.google.com/maps/contrib/111797323540447954708/reviews?hl=zh-TW,5,True,135,"(由Google提供翻譯)這又是最好的國際食物鏈餐廳之一。我把酒倒在地上，猜猜他們做了什麼，又不收錢又給了我另一杯酒。從字面上看，誰會這樣做..！帽子的東西。

(原始評論)
Here'sagainoneofthenicestinternationalfoodchainrestaurants.Idroppedmydrinkdownontheground,andguesswhattheyhavedone,servedmeanotherdrinkwithchargingnomoney.Literally,who'ddothat..!Hat'sofftothestuff."
 秦茵Yin ,https://www.google.com/maps/contrib/110783196686865755324/reviews?hl=zh-TW,2,True,37,"普通好吃
人很多
常常找不到位置"
 鄭記排骨 ,https://www.google.com/maps/contrib/100107470028234557203/reviews?hl=zh-TW,5,True,47,生意很好！客人很多。
 Elaine Lin ,https://www.google.com/maps/contrib/103307663599755558783/reviews?hl=zh-TW,5,True,73,好吃
 彭克騏 ,https://www.google.com/maps/contrib/111781665284848391627/reviews?hl=zh-TW,4,True,50,"(由Google提供翻譯)它的薯條對我來說已經足夠了。

(原始評論)
It’sfriesisgreatenoughforme."
 秀津曹 ,https://www.google.com/maps/contrib/110189144318668065233/reviews?hl=zh-TW,4,False,39,"漢堡不錯，只是不知為何昨日竟要排隊至2樓，空間小实在不方便。

(由Google提供翻譯)
漢堡不錯，只是不知為何昨日竟要排隊至2樓，空間小實在不方便。"
 HIRO CHEN ,https://www.google.com/maps/contrib/111064007841203206847/reviews?hl=zh-TW,1,False,15,慢食店😂
 Tin Chian ,https://www.google.com/maps/contrib/100509598624173545285/reviews?hl=zh-TW,4,True,109,"有三樓位子满多的

(由Google提供翻譯)
有三樓位子滿多的"
 穎翔吳 ,https://www.google.com/maps/contrib/106223398642457629024/reviews?hl=zh-TW,5,False,8,早安
 黃世森 ,https://www.google.com/maps/contrib/105756030036990221698/reviews?hl=zh-TW,5,False,2,好喝
 Jason Lai ,https://www.google.com/maps/contrib/108912146199933975505/reviews?hl=zh-TW,5,False,1,好喝
 蔡麗月 ,https://www.google.com/maps/contrib/114651598956788724103/reviews?hl=zh-TW,5,False,8,好喝
 威佑Wei ,https://www.google.com/maps/contrib/111111351037566933984/reviews?hl=zh-TW,5,False,6,好喝
 Jo L ,https://www.google.com/maps/contrib/102799933667000106340/reviews?hl=zh-TW,4,True,194,"(由Google提供翻譯)這家麥當勞在二樓有很棒的窗戶景觀。

(原始評論)
ThisMcDonald'shasagreatwindowviewinsecondfloor."
 Saras Kadabra ,https://www.google.com/maps/contrib/106615304019814038537/reviews?hl=zh-TW,1,False,1,"(由Google提供翻譯)巨無霸？

(原始評論)
Bigmac?"
 John Hoddinott ,https://www.google.com/maps/contrib/101812673950860834386/reviews?hl=zh-TW,4,True,72,"(由Google提供翻譯)乾淨、寬敞、舒適。夏季空調很棒。

(原始評論)
Clean,roomyandcomfortable.Greata/cduringthesummer."
 劉立偉 ,https://www.google.com/maps/contrib/116893487426123636831/reviews?hl=zh-TW,4,True,131,座位很多，休息的好地方…
 セブマスター ,https://www.google.com/maps/contrib/113174614779594019809/reviews?hl=zh-TW,3,True,623,"(由Google提供翻譯)麥當勞離石牌站有點遠
我從早上就開始排隊了。

(原始評論)
Shipai駅こら少し離れたマクドナルド
朝から並んでます。"
 Jimmy Chien ,https://www.google.com/maps/contrib/104394630722207309497/reviews?hl=zh-TW,4,True,62,"(由Google提供翻譯)友好而快捷的服務。飲食區域相當乾淨。

(原始評論)
Friendlyandfastservice.Eatingareasarefairlyclean."
 Marcelino Puerta ,https://www.google.com/maps/contrib/115419086700279702997/reviews?hl=zh-TW,5,True,62,"(由Google提供翻譯)非常乾淨的地方，注意迅速

(原始評論)
Lugarmuylimpioylaatenciónrápida"
 wee chen ,https://www.google.com/maps/contrib/102869316426934862381/reviews?hl=zh-TW,3,True,74,"(由Google提供翻譯)3個級別的休息區，幾個亞洲風格的菜單。

(原始評論)
3levelssittingarea,coupleofasianinspiredmenu."
 Ronald Verbrugge ,https://www.google.com/maps/contrib/111366404595325327826/reviews?hl=zh-TW,4,False,31,"(由Google提供翻譯)喜歡BLT漢堡。

(原始評論)
LovetheBLTburger."
 Faizal Remane ,https://www.google.com/maps/contrib/106317341717556638921/reviews?hl=zh-TW,5,True,85,"(由Google提供翻譯)服務很好。

(原始評論)
theserviceisverygood."
 錢伯伯 ,https://www.google.com/maps/contrib/113252202064509880935/reviews?hl=zh-TW,5,True,156,"(由Google提供翻譯)不錯

(原始評論)
notbad"
 Maxime Michel ,https://www.google.com/maps/contrib/103363077522223925402/reviews?hl=zh-TW,4,True,209,"(由Google提供翻譯)漢堡，炸薯條，可樂，掘金......經典。
麥當勞。

(原始評論)
Burger,frenchfries,Coke,nuggets...Classic.
McDonald's."
 李艾倫 ,https://www.google.com/maps/contrib/104229857444997782454/reviews?hl=zh-TW,5,False,2,方便的好地方
 陳信諺 ,https://www.google.com/maps/contrib/104597671699239258861/reviews?hl=zh-TW,4,True,14,很常去很方便～
 Felix ,https://www.google.com/maps/contrib/107059372913835523584/reviews?hl=zh-TW,2,True,42,"(由Google提供翻譯)你怎麼能對麥當勞寄予厚望？

(原始評論)
HowcouldyoutakeahighanticipationtoMcDonald's?"
 易其翰 ,https://www.google.com/maps/contrib/104625965900120570872/reviews?hl=zh-TW,1,False,6,大薯只有半包
 Sophia Chen ,https://www.google.com/maps/contrib/104382066493069815098/reviews?hl=zh-TW,4,True,433,此地少有的速食店~
 Donny Lyes ,https://www.google.com/maps/contrib/112673900388346989121/reviews?hl=zh-TW,3,False,53,早上人很少可以去
 崔瑞茂 ,https://www.google.com/maps/contrib/112209062187697006510/reviews?hl=zh-TW,1,False,7,".没增加菜而加價

(由Google提供翻譯)
.沒增加菜而加價"
 yu lan chao ,https://www.google.com/maps/contrib/105340571569568213853/reviews?hl=zh-TW,3,True,76,地方大，交通算方便
 Zanele Bhembe ,https://www.google.com/maps/contrib/112805220121850227500/reviews?hl=zh-TW,5,True,68,"(由Google提供翻譯)適合宵夜和兒童

(原始評論)
Goodforlatenightsnack,andforchildren"
 GE DO ,https://www.google.com/maps/contrib/116165207365016767818/reviews?hl=zh-TW,5,True,67,喝
 Elancheleyen Mahindran ,https://www.google.com/maps/contrib/102576882922706662635/reviews?hl=zh-TW,3,True,597,"(由Google提供翻譯)我點的麥雞被燒焦了

(原始評論)
TheMcChickenIorderwasburntabit"
 SW T ,https://www.google.com/maps/contrib/101580288833880039536/reviews?hl=zh-TW,5,True,95,Googlepay很好用
 Gary Kan ,https://www.google.com/maps/contrib/102406683892095598837/reviews?hl=zh-TW,4,True,123,"(由Google提供翻譯)好的

(原始評論)
Good"
 Justin Cheng ,https://www.google.com/maps/contrib/117786788405980135080/reviews?hl=zh-TW,3,True,"1,082","(由Google提供翻譯)平均水平，很普通的麥當勞

(原始評論)
Averagelevel,verycommonMcDonald"
 hwa lu ,https://www.google.com/maps/contrib/106439356854340785036/reviews?hl=zh-TW,4,True,200,方便，又快
 sueping ju ,https://www.google.com/maps/contrib/110844745720144595239/reviews?hl=zh-TW,4,True,13,好吃
 Louis Chuang ,https://www.google.com/maps/contrib/118174616520498661137/reviews?hl=zh-TW,5,True,57,"(由Google提供翻譯)好的

(原始評論)
nice"
 Rock Yang ,https://www.google.com/maps/contrib/106105905330512809658/reviews?hl=zh-TW,4,True,190,方便用餐聊天的地方。
 ieat N ,https://www.google.com/maps/contrib/113452902678005061011/reviews?hl=zh-TW,4,True,590,平日中午座位不足
 何和 ,https://www.google.com/maps/contrib/113530715911266405035/reviews?hl=zh-TW,3,True,57,就一般般了～
 Jack Chien ,https://www.google.com/maps/contrib/104338135425771059183/reviews?hl=zh-TW,3,True,554,久久吃一次早餐
 嫻 ,https://www.google.com/maps/contrib/101028963725128217122/reviews?hl=zh-TW,4,True,343,小小生意很好
 王中大 ,https://www.google.com/maps/contrib/102833225512108487112/reviews?hl=zh-TW,5,True,62,出餐速度快
 동사서독 ,https://www.google.com/maps/contrib/102759698688076453175/reviews?hl=zh-TW,4,True,82,"(由Google提供翻譯)不錯

(原始評論)
Notbad"
 谷崢 ,https://www.google.com/maps/contrib/109595033120485673731/reviews?hl=zh-TW,5,False,35,好吃
 Neo Chen ,https://www.google.com/maps/contrib/114004929808110514695/reviews?hl=zh-TW,3,True,199,"(由Google提供翻譯)快餐

(原始評論)
Fastfood"
 陳建瑋 ,https://www.google.com/maps/contrib/103168710128940350970/reviews?hl=zh-TW,5,True,51,好吃
 Robert Fan ,https://www.google.com/maps/contrib/105926131307329146702/reviews?hl=zh-TW,4,True,413,方便的美味
 Robert Gillespie ,https://www.google.com/maps/contrib/113610441221833890453/reviews?hl=zh-TW,4,True,87,"(由Google提供翻譯)這是美國的味道。大聲笑

(原始評論)
ItisatasteofAmerica.Lol"
 Pohung Lai ,https://www.google.com/maps/contrib/115116090594394521091/reviews?hl=zh-TW,5,True,32,"(由Google提供翻譯)又好又快的服務。

(原始評論)
Goodandfastservice."
 Angelica Chao ,https://www.google.com/maps/contrib/107421389255152105385/reviews?hl=zh-TW,5,True,86,"(由Google提供翻譯)快捷方便，而不是憤怒。

(原始評論)
Fastandconvenient,notfurious."
 SIMON邱 ,https://www.google.com/maps/contrib/110148552915552826682/reviews?hl=zh-TW,5,True,35,好吃
 John Setta ,https://www.google.com/maps/contrib/111664159559144688718/reviews?hl=zh-TW,4,True,301,好吃
 Victor Yu ,https://www.google.com/maps/contrib/107282136863696473993/reviews?hl=zh-TW,5,True,212,"(由Google提供翻譯)永遠是最好的選擇

(原始評論)
Alwaysthebestchoice"
 Richard Wang ,https://www.google.com/maps/contrib/108259720542319346581/reviews?hl=zh-TW,4,False,363,出餐速度快
 文林國小陳仁貴 ,https://www.google.com/maps/contrib/116809447858669990688/reviews?hl=zh-TW,5,True,225,好吃
 陳敬文 ,https://www.google.com/maps/contrib/110488302875109130780/reviews?hl=zh-TW,5,True,431,好吃
 Eric Ma ,https://www.google.com/maps/contrib/116697936028103100374/reviews?hl=zh-TW,4,True,38,"(由Google提供翻譯)這是麥當勞。我還能說什麼？

(原始評論)
It'saMcDonald's.WhatelsecanIsay?"
 dora dora ,https://www.google.com/maps/contrib/104189733320884941101/reviews?hl=zh-TW,4,True,373,吃速食的好地方
 鄭欣怡 ,https://www.google.com/maps/contrib/112579238961875842613/reviews?hl=zh-TW,5,True,70,好吃
 Shan Shan ,https://www.google.com/maps/contrib/103817795989310029513/reviews?hl=zh-TW,5,False,14,安安好正喔
 湯鴻章 ,https://www.google.com/maps/contrib/111469090503022567546/reviews?hl=zh-TW,5,True,"1,377",讚喔
 甄書芳 ,https://www.google.com/maps/contrib/100888330021643537683/reviews?hl=zh-TW,3,True,195,尚可
 Josef Liou劉 ,https://www.google.com/maps/contrib/104168741270807601560/reviews?hl=zh-TW,3,True,767,好吃
 Sammi Chang ,https://www.google.com/maps/contrib/101982689285222242461/reviews?hl=zh-TW,4,True,555,吃早餐的好地方
 胡宗翰 ,https://www.google.com/maps/contrib/115580356330549663797/reviews?hl=zh-TW,3,True,122,喝咖啡
 茶碗蒸 ,https://www.google.com/maps/contrib/106448041965037232656/reviews?hl=zh-TW,5,False,4,好好吃😋
 易易 ,https://www.google.com/maps/contrib/106686449414574356145/reviews?hl=zh-TW,4,True,285,舒服
 Umayah ,https://www.google.com/maps/contrib/103620953968281513701/reviews?hl=zh-TW,5,True,82,"(由Google提供翻譯)戈德

(原始評論)
Godd"
 Kanokporn Onpha ,https://www.google.com/maps/contrib/106117570807097681345/reviews?hl=zh-TW,4,True,187,"(由Google提供翻譯)美味的食物

(原始評論)
อาหารอร่อยค่ะ"
 Duwita Felisha ,https://www.google.com/maps/contrib/110227854212632557927/reviews?hl=zh-TW,5,True,23,"(由Google提供翻譯)好地方..

(原始評論)
niceplace.."
 高杰崧 ,https://www.google.com/maps/contrib/116684111285777423855/reviews?hl=zh-TW,4,True,25,嗯
 陳旻軒 ,https://www.google.com/maps/contrib/107175694326730729335/reviews?hl=zh-TW,3,True,112,尚可
 陳光照 ,https://www.google.com/maps/contrib/115404530836312680785/reviews?hl=zh-TW,4,True,73,"(由Google提供翻譯)好的

(原始評論)
Ok"
 阿霆 ,https://www.google.com/maps/contrib/101145506181796327061/reviews?hl=zh-TW,3,True,296,普通到不行
 張澄源 ,https://www.google.com/maps/contrib/103070222643992449113/reviews?hl=zh-TW,4,True,224,方便
 咪咪三號 ,https://www.google.com/maps/contrib/112106596046275714801/reviews?hl=zh-TW,4,False,28,"(由Google提供翻譯)好的

(原始評論)
Good"
 lisa chu ,https://www.google.com/maps/contrib/118141798933757358313/reviews?hl=zh-TW,4,True,4,朋友相聚的好地方
 黃延歷 ,https://www.google.com/maps/contrib/115994344713977507497/reviews?hl=zh-TW,3,False,19,方便
 Shihan Huang (Sean) ,https://www.google.com/maps/contrib/112299105780207463783/reviews?hl=zh-TW,3,True,34,"(由Google提供翻譯)凌亂

(原始評論)
Messy"
 Simon SC Chen ,https://www.google.com/maps/contrib/111614261096360529755/reviews?hl=zh-TW,4,False,32,方便，快速
 yi hsin ,https://www.google.com/maps/contrib/101303112571867520264/reviews?hl=zh-TW,3,True,27,快速
 菇菇仔 ,https://www.google.com/maps/contrib/105450386405248925384/reviews?hl=zh-TW,5,True,10,"(由Google提供翻譯)好的

(原始評論)
Good"
 Ralap Kuo ,https://www.google.com/maps/contrib/101151489023803881608/reviews?hl=zh-TW,5,True,22,方便
 卓文彬 ,https://www.google.com/maps/contrib/107318796542572021054/reviews?hl=zh-TW,5,False,34,很便利
 Jacky not ,https://www.google.com/maps/contrib/108080947966202576098/reviews?hl=zh-TW,4,True,58,方便
 蕭宏德 ,https://www.google.com/maps/contrib/104891192322748362030/reviews?hl=zh-TW,5,True,358,好吃！
 Wu Rick ,https://www.google.com/maps/contrib/116541525965211754007/reviews?hl=zh-TW,3,True,55,"(由Google提供翻譯)好的

(原始評論)
good"
 Kai Cheng Yang ,https://www.google.com/maps/contrib/113246081913330707250/reviews?hl=zh-TW,5,True,143,"(由Google提供翻譯)馬卡

(原始評論)
真香"
 Adolfo Galeano ,https://www.google.com/maps/contrib/108226022874052349691/reviews?hl=zh-TW,4,True,122,"(由Google提供翻譯)像往常一樣好。

(原始評論)
Goodasusual."
 Neil Kuo ,https://www.google.com/maps/contrib/102061789932807730902/reviews?hl=zh-TW,4,True,47,方便
 樂美菊 ,https://www.google.com/maps/contrib/103368534542827066252/reviews?hl=zh-TW,4,True,93,用餐便捷
 Circle Ko ,https://www.google.com/maps/contrib/117900785048454175593/reviews?hl=zh-TW,3,True,351,人不多
 張正忠 ,https://www.google.com/maps/contrib/101124927793077921795/reviews?hl=zh-TW,3,True,335,可接受
 馬行藏 ,https://www.google.com/maps/contrib/107010823817159379073/reviews?hl=zh-TW,4,True,113,交通便利
 林一璋 ,https://www.google.com/maps/contrib/110231741309313959924/reviews?hl=zh-TW,5,True,185,普通
 胡崇夏 ,https://www.google.com/maps/contrib/116171746693278266163/reviews?hl=zh-TW,5,True,15,方便快速
 Papa Pig ,https://www.google.com/maps/contrib/115788713940224450664/reviews?hl=zh-TW,4,False,187,"方便、快速！！

(由Google提供翻譯)
方便、快速！！"
 吳明杰 ,https://www.google.com/maps/contrib/105759173161035780384/reviews?hl=zh-TW,4,True,42,方便快速
 徐銘健 ,https://www.google.com/maps/contrib/101525571786258219311/reviews?hl=zh-TW,3,True,609,可以
 Dennis Huang ,https://www.google.com/maps/contrib/106240890949656191321/reviews?hl=zh-TW,3,True,14,方便快速
 Jason Lin ,https://www.google.com/maps/contrib/118303783679626919303/reviews?hl=zh-TW,3,True,52,出餐快速
 吳俊樺 ,https://www.google.com/maps/contrib/116202892500344381296/reviews?hl=zh-TW,5,True,74,座位多
 許文斌 ,https://www.google.com/maps/contrib/117187602533835310585/reviews?hl=zh-TW,3,True,143,方便性
 李曉雯 ,https://www.google.com/maps/contrib/114029868855826911380/reviews?hl=zh-TW,5,True,110,位置多！
 林妙香 ,https://www.google.com/maps/contrib/110380519256994472463/reviews?hl=zh-TW,4,True,18,，吃早餐
 陳維哲 ,https://www.google.com/maps/contrib/103820273689493948231/reviews?hl=zh-TW,3,True,209,人很多
 Rainy Chien ,https://www.google.com/maps/contrib/110717496114051586136/reviews?hl=zh-TW,3,True,257,人很多
 Joe Huang ,https://www.google.com/maps/contrib/104091713535794326400/reviews?hl=zh-TW,4,True,731,速食店
 柯雅勻 ,https://www.google.com/maps/contrib/108851108267098892612/reviews?hl=zh-TW,4,True,104,速度快
 정성호 ,https://www.google.com/maps/contrib/102702338103875778901/reviews?hl=zh-TW,4,True,194,"(由Google提供翻譯)麥當勞

(原始評論)
맥도널드"
 sung ho jung ,https://www.google.com/maps/contrib/114882330116767716359/reviews?hl=zh-TW,4,True,184,"(由Google提供翻譯)麥當勞

(原始評論)
맥도날드"
 River Pai ,https://www.google.com/maps/contrib/111809890540950735150/reviews?hl=zh-TW,3,True,228,"(由Google提供翻譯)普通

(原始評論)
Soso"
