user_name,user_profile_url,rating,local_guide,comment_num,comment_text
 Cheng Rayearth ,https://www.google.com/maps/contrib/106702350028409577071/reviews?hl=zh-TW,5,True,169,"好吃的文山區早午餐餐廳，從開業吃到現在，老闆非常用心在經營。
值得一再光顧！
PS：美式咖啡可以續杯！"
 Wang Yu-Kai ,https://www.google.com/maps/contrib/109879731606843726701/reviews?hl=zh-TW,5,True,278,便宜好吃cp值很高，很推日式燒肉吐司，燒肉的調味非常讚。
 Gary Lin ,https://www.google.com/maps/contrib/102530163222879502294/reviews?hl=zh-TW,3,True,343,"咖啡可以續杯不錯，餐點價格偏高。
薯餅是招牌，口感蠻清爽的。"
 Miumiu Huang ,https://www.google.com/maps/contrib/117773621076238576023/reviews?hl=zh-TW,5,True,60,凱薩雞沙拉和義式雞肉炒麵味道和想象中不一樣，但好吃！
 A Lu ,https://www.google.com/maps/contrib/107898425771143714605/reviews?hl=zh-TW,5,True,19,整盤滿滿的精緻美食(各式生菜，不是只有一般的萵苣，一疊蛋數不清是用了幾顆蛋)，CP值超高，看得出店家對食材的講究，雖然只是剛好路過，卻是值得特地再從市區跑來的餐廳！
 老淇（淇步走） ,https://www.google.com/maps/contrib/102434766066690729369/reviews?hl=zh-TW,4,True,47,"點了美式經典Bravo早餐+薯條跟塔塔鱈場拼盤，份量很多！我的話，其實可以不用再有吐司（已飽，呃）,加點薯條是因為想吃的薯籤餅最近缺貨，視覺跟味覺體驗都不錯！生菜如可以再脆一點，口感更佳！氣氛不錯！椅子有點高，應該是裝璜時沒設計好，但還可忍受。下次再來嚐點別的！"
 張米格 ,https://www.google.com/maps/contrib/114843633992295551900/reviews?hl=zh-TW,3,False,7,餐點值4顆星，點了九層塔蛋餅～很好吃😋，美式套餐組合份量足，飲料也不錯！本打算悠閒一下坐久一點，但室內空調不涼！感覺有點悶～如能改善～定會時常光顧…
 希望 ,https://www.google.com/maps/contrib/112836993426026025779/reviews?hl=zh-TW,5,True,86,常常去的早餐店，我基本上都是美式早餐系列。也常跟朋友約在這裡。薯餅非常好吃，食物份量也很夠。朋友來過這裡都偷偷愛上這裡，整體上空間很大，環境也很放鬆。適合一家人或者沒吃早餐可以跟中午一起吃。
 Pasta CO ,https://www.google.com/maps/contrib/109256655690489936921/reviews?hl=zh-TW,1,False,22,"1、環境吵雜回音大，菜市場立體環繞音效。
2、上菜慢吞吞，大概菜是現採的、牛是現殺的、蛋是現生的吧？
3、伯爵奶茶超難喝，香氣不足，水放太多，沒有奶香。
4、餐具沒洗乾淨，不衛生。"
 Vanessa Chelcy ,https://www.google.com/maps/contrib/116268227702160076608/reviews?hl=zh-TW,1,True,189,"太誇張了，叫UberEats，飲料打開喝到一半發現怎麼一直有個黑黑的東西浮在那邊（本來還以為是巧克力碎片），結果撈起來看發現是一塊塑膠！
這是食安問題了
-
6/4晚上更新
我剛剛檢查了回收桶的杯蓋，很完整沒有缺漏（我有附上照片）
而且飲料裡小塑膠片是深藍色的，還有一點厚度（杯蓋的材質是黑色較薄）我有拍出來。
所以不是我自己開蓋的時候用掉的😡"
 Rainㄚ ,https://www.google.com/maps/contrib/102422280567068830560/reviews?hl=zh-TW,5,True,155,"店內氛圍不錯，咖啡可無限續杯
餐點也很實在，價位雖高，但還是會久久去一次"
 派翠克 ,https://www.google.com/maps/contrib/113661046224939604312/reviews?hl=zh-TW,5,True,18,真材實料，美觀美味！
 Miya ,https://www.google.com/maps/contrib/105169472475549524432/reviews?hl=zh-TW,2,True,239,"懶人包：價格高、cp值低

店內寬敞、位子很多，有長型方桌也有個人吧台位。冷氣不涼，有點像送風。服務人員態度親切。店內有販售蛋餅、抓餅、吐司、漢堡、炸物跟一些大拼盤。土司大概50起跳，蛋餅也要50元以上。

我點了一份鮪魚吐司跟紅茶，吐司小小一份就要60元，裡面的料就是一些鮪魚跟幾根洋蔥，甚至也沒有蛋。吐司烤的有點久，咬起來蠻硬的。口味非常普通。紅茶一杯45，可以選擇無糖，味道就是一般紅茶、沒什麼特別之處。

這家店似乎是親子友善+寵物友善餐廳，有看到不少帶小孩的客人，也有看到客人帶狗。整體來說，應該是適合家人一起來的店，但餐點口味很普通，價格也偏高，總之不會再訪。"
 姚姚 ,https://www.google.com/maps/contrib/103210581835248703458/reviews?hl=zh-TW,5,False,12,"木柵好吃的早午餐店，第一次來點了美式拼盤，很豐盛又美味，美式咖啡還可以續杯，後來就常常光顧。
喜歡店裡的音樂還有空間，讓人覺得很舒服，上次帶小姪女來喝飲料，她很喜歡店裡的書，很安靜的再閱讀。
本次消費點了美式拼盤$145、炸雞炒麵$135、培根帕里尼$85。"
 施文文 ,https://www.google.com/maps/contrib/101349555449573020648/reviews?hl=zh-TW,5,True,88,"喜歡這裡的早餐除了好吃😋
還有美式咖啡可以續杯
CP值算不錯👍
我們真的很常去吃
今天又來了
推推
不能訂位也沒有限時間也哦！
唯一缺點是人手不足"
 Hanshin Feng ,https://www.google.com/maps/contrib/110414289881362049707/reviews?hl=zh-TW,4,True,841,口味很可以接受，價格偏中上，感覺還好，有空有閒的不妨來此消磨試試。
 陳謝諄 ,https://www.google.com/maps/contrib/114777917289664311265/reviews?hl=zh-TW,4,False,10,"環境舒適，適合親子，甚至還有客人帶寵物來用餐，非常好。
第一次吃，吃了170，心得～田園鮪魚堡蔬菜很多，很棒，鮪魚有點鹹。鮮奶茶有蜂蜜的香味，非常驚艷！薯泥好吃，蛋黃末有點鹹。適合悠閒消磨時間，匆匆用餐者會略覺可惜。
-------
建議將餐點圖片發佈在線上，不僅餐點圖拍的非常美，客人也好參考，不放可惜。
菜單的排序不是按照價格排序，對我來說有點不習慣。"
 Yukai Chen ,https://www.google.com/maps/contrib/113544565270370237040/reviews?hl=zh-TW,4,True,447,"盤餐食物種類豐富份量適中CP普通
薯餅特別好吃口感脆軟交錯"
 wen ,https://www.google.com/maps/contrib/107382310466782113420/reviews?hl=zh-TW,3,True,501,"餐點沒有想像中的驚艷
薯泥三明治,內餡是冰涼的,吐司烤得不夠，加起來吃起來冰冷,一早吃不舒服～
原味無糖豆漿一杯50元,有加熱打泡,價格略高,CP不高～
番茄義大利麵(豬絞肉)要130元,麵有熱+調理包,絞肉是一般早餐店的混和絞肉。
像一般進化的美x美,搬到舒適的店面價格就漲。沒有特色～"
 rex su ,https://www.google.com/maps/contrib/100966238782593144950/reviews?hl=zh-TW,3,True,323,"價格偏貴，飲料都要另外點餐，總匯7X元=培根蛋土司+洋蔥+生菜？
店內悶熱，是人多還是愛護地球的概念？"
 林祈宏 ,https://www.google.com/maps/contrib/115120467659072715415/reviews?hl=zh-TW,4,False,14,非常棒的早午餐闆娘很熱情供餐也很快拼盤好吃麵量夠大雖然整體有點偏貴但有到那個價值
 Yao W ,https://www.google.com/maps/contrib/107463119650669597167/reviews?hl=zh-TW,5,True,98,"好吃尤其最愛籤餅
抓餅系列也是吃不膩
老闆人很好很親切啊"
 Sylvia Huang ,https://www.google.com/maps/contrib/110800127296625242872/reviews?hl=zh-TW,5,True,34,"很溫馨的店
餐點價位雖然比一般早餐點高一點，但口味好、份量也足～
環境舒適😘"
 Peggy Tai ,https://www.google.com/maps/contrib/102795879453595295836/reviews?hl=zh-TW,5,False,9,"座位舒適～東西好吃😋
有時間的話
和朋友幾乎每禮拜都來報到
推薦抓餅，轟炸雞炒麵/沙拉，薯籤餅
黑咖啡可以續杯👍"
 Li-Chin Wang ,https://www.google.com/maps/contrib/103290274554080333853/reviews?hl=zh-TW,2,False,932,"新開沒太久環境目前是頗乾淨
服務態度也很好

餐點...實在有點不值那個價位
牛肉排煎得太乾過老
調味也有點過鹹
籤餅是散的...

這樣一盤$170
可是吃不飽...
吃完有種空虛感..."
 Yu Ching Sun ,https://www.google.com/maps/contrib/103900159959817289398/reviews?hl=zh-TW,4,True,41,份量算蠻大的，環境也很好，青醬的味道不是太重，我個人喜歡味道重一點，下次試試別的口味，開到15:30算是蠻方便的時間
 Audrey Wu ,https://www.google.com/maps/contrib/106646330328776973728/reviews?hl=zh-TW,3,True,61,"在木柵算是很不錯的早午餐，沙拉很新鮮，脆脆的，咖啡好喝，青醬帕尼尼好吃，用餐環境也不錯，可惜薯條炸太久，餐點等待時間有點久(約30分)，場外小學生服務生很可愛。

第二次去吃，整個口味變了，青醬沒什麼味道，吐司也烤的不夠久，應該是不同人做的？
第二次的青醬帕尼尼真的很失敗！其他餐點也退步不少，感覺品質還不太穩定。"
 Ros Nils ,https://www.google.com/maps/contrib/105753535392633392708/reviews?hl=zh-TW,1,True,30,"真的不想給一顆星畢竟生意不好做！
總共來了2次，2次都有狀況，
（錢還算錯，貼心提醒錢可以核對一下）
當時也不忙，
連基本客人的小小需求都做不到還懷疑客人
後來就隨便補給顧客。重點東西根本不是本身套餐裡原有的.（以為客人都不曉得不會發現）
呵呵.
感覺極差不會再去消費！

心思完全不夠細膩不夠有心！）"
 N ai ,https://www.google.com/maps/contrib/102045686313995565557/reviews?hl=zh-TW,4,True,127,"沙拉上的優格醬不錯，清爽好吃
捲餅是蔥抓餅的感覺，今天吃瑪格莉特抓餅，有乳酪和九層塔
豬菜堡很大，肉簡單調味，薯條有點多炸的有點黑QQ
籤餅的份量很大方，雞胸肉記得不要加醬就很健康（吐司也是）
整體來說不錯健康也好吃，可以試試"
 midori ,https://www.google.com/maps/contrib/103715086124348271356/reviews?hl=zh-TW,4,True,24,價格偏中上，不過拼盤可以吃飽，馬鈴薯籤餅好吃，老闆娘親切，會再回訪
 Erin Lin ,https://www.google.com/maps/contrib/111086532812438252704/reviews?hl=zh-TW,4,True,46,"覺得抓餅是最好吃的
辣椒醬感覺是自己炒的，好辣好夠味
飲料的部分沒有很驚艷
上次點黑糖豆奶，黑糖味不夠（黑糖太少）
這次點熱拿鐵，嗯⋯咖啡味不太夠不太順口
BTW寵物小孩友善餐廳
員工姊姊超親和"
 Cassie Deng ,https://www.google.com/maps/contrib/110032517267567713111/reviews?hl=zh-TW,5,True,189,"超棒的早餐店！這附近吃過最滿意的一家，東西好吃選擇多，價錢又實惠～
員工也很親切，親子友善，帶小孩來吃早餐的好地方💕每個禮拜必到，已經成為我的SOP啦
大推薦手作薯籤餅！"
 孫姣姣 ,https://www.google.com/maps/contrib/109979947383021817867/reviews?hl=zh-TW,5,False,4,餐點好豐盛好吃！剛開幕就連續天天吃了好幾天～～
 Vennes 97228 ,https://www.google.com/maps/contrib/102170471483304505714/reviews?hl=zh-TW,5,True,108,環境乾淨，裝潢很溫馨，餐點也符合價位
 阿中 ,https://www.google.com/maps/contrib/107299229779867603020/reviews?hl=zh-TW,5,True,44,"青醬帕尼尼，蔬菜給的有誠意，調味很好吃
瑪格麗特抓餅很有創意，不需沾醬也好吃"
 謝梅如 ,https://www.google.com/maps/contrib/105693545000429431391/reviews?hl=zh-TW,5,False,1,用餐環境舒適烘炸雞好吃，拿鐵咖啡好喝，🤗🤗
 Lu Chia-ning ,https://www.google.com/maps/contrib/105206876780062117372/reviews?hl=zh-TW,4,True,158,"餐點算用心，環境寬敞乾淨，服務態度也不錯。但是價格整體偏略高，客人只要稍微多一點，就要有久等的心理準備。
部分餐點（例如雞胸肉炒麵）實在離期待差一大截，搭配上價格就會令人卻步。美式咖啡是招牌，又可續杯，很推薦。
因為品質與價格搭配起來的落差還蠻大，所以要有合口味的餐點才會想再訪。"
 有隻熊 ,https://www.google.com/maps/contrib/114392834677182911994/reviews?hl=zh-TW,3,True,99,"用餐環境明亮乾淨
只是今日用餐的馬鈴薯泥偏鹹……
推牛魔王帕尼尼（熱壓吐司）"
 謝Calvin ,https://www.google.com/maps/contrib/101008286469836397341/reviews?hl=zh-TW,5,True,51,"早餐或早午餐美味😋
8/22有去沒看到您歐
口味又進化了！加油💙"
 Joe Lin ,https://www.google.com/maps/contrib/118149781290500650271/reviews?hl=zh-TW,5,True,212,"餐點美味好吃,看得出來大部份的東西是自製的,不像坊間一般連鎖早餐店,都是跟上游叫半成品之類的食材，環境也舒，服務人員親切熱情，大推！"
 Lpen W ,https://www.google.com/maps/contrib/115731653753531371567/reviews?hl=zh-TW,5,False,2,"餐點是真好吃👍
環境舒適～
店員也都很耐斯～
會在回訪的～
棒棒"
 Ada Yu ,https://www.google.com/maps/contrib/110810633083172712018/reviews?hl=zh-TW,5,True,52,"音樂舒服、服務親切、餐點好吃😋
來了許多小孩後開始有點吵⋯"
 曾景鳳 ,https://www.google.com/maps/contrib/114036495908361010965/reviews?hl=zh-TW,5,True,351,這家店絕對是喜歡吃早午餐的最佳選擇，餐點口味多元選擇又好吃，座位寬敞舒適服務親切主動讓人感到貼心！
 yukisakura HUNG ,https://www.google.com/maps/contrib/111709237366369932303/reviews?hl=zh-TW,5,False,8,環境舒適，餐點平價好吃。
 修治平 ,https://www.google.com/maps/contrib/111499176444528588404/reviews?hl=zh-TW,5,True,98,買了幾次，份量不少食量不大也許能一起吃，味道很讚店內氣氛也很好
 Yam Liu ,https://www.google.com/maps/contrib/103390621486739596515/reviews?hl=zh-TW,5,False,26,我的愛店，義大利麵、巧克力帕尼尼、薯泥吐司都超級好吃，老闆娘超級親切，每到假日就想來這慢慢吃一頓放鬆的早午餐
 erica chenn ,https://www.google.com/maps/contrib/108337416885831342340/reviews?hl=zh-TW,5,True,18,今天叫熊貓，拿到的時候可以感受到店家在包裝上的用心，想要確保消費者拿到手中的產品是好的；拿鐵有綁好無外露，餐具用紙巾包起來再貼好。點的法式吐司沒有整個泡在糖漿裡而是酥脆清爽。點的經典拿鐵去冰去糖可惜稍淡些。鮪魚蛋餅裡面有很多生洋蔥，會怕辣的人可以參考。
 吳尚偉 ,https://www.google.com/maps/contrib/112229182977239674513/reviews?hl=zh-TW,5,True,120,"目前為止覺得台北還不錯的早午餐
會再二訪"
 code kuz ,https://www.google.com/maps/contrib/110176540554858545760/reviews?hl=zh-TW,5,False,4,超好吃！已經吃了不知道幾百次了！服務態度不用說了，超讚👍🏾🤎
 蔡妤芳 ,https://www.google.com/maps/contrib/108847702946746718876/reviews?hl=zh-TW,4,True,20,"環境舒適餐點可口
鮪魚抓餅45元美式45元"
 syuan ,https://www.google.com/maps/contrib/106486099825928532346/reviews?hl=zh-TW,3,True,61,內用過一次，覺得除了環境聲音較吵雜外，餐點都不錯，份量也多~近期以熊貓點過2次，可能是太忙了，肉醬麵份量雖大，但醬很乾，昨日點的麵沒有熟，裡面粉粉硬硬的😢
 EC ,https://www.google.com/maps/contrib/118079287955955189177/reviews?hl=zh-TW,2,True,164,餐點基本上不難吃，價格中上，環境很乾淨，不過外場年輕小姐的服務態度不知道在跩什麼，已訪三次，三次都是一樣的態度，連基本的謝謝不會說^_^老闆娘態度還比較親切
 徐肯 ,https://www.google.com/maps/contrib/103257435173368108457/reviews?hl=zh-TW,5,False,8,很久沒來吃回味了一下籤餅外酥內綿密很讚🤤
 沈俊明 ,https://www.google.com/maps/contrib/105338174734967677278/reviews?hl=zh-TW,3,True,25,"抓餅可能為了外皮酥脆煎的比較硬常常會帶著掉焦。一不小心就會黑掉。我吃過兩次。（機率約1/3）

紅茶不錯不會夾雜麥茶或決明子味道
鮪魚系列帕里尼還有抓餅。都比較油。"
 william William ,https://www.google.com/maps/contrib/118158060533005276778/reviews?hl=zh-TW,4,False,6,"可以詢問一下嗎?早餐時段想透過foodpanda叫一個brunch,敘述寫沙拉跟薯簽餅擇一,結果點進去只有沙拉可以選?原本就是衝著這個想叫叫看的結果只能打退堂鼓"
 Kelly ,https://www.google.com/maps/contrib/109799193481419457220/reviews?hl=zh-TW,5,False,45,真材實料，出餐速度快！是個CP值高的早午餐店～
 Vicky Ma ,https://www.google.com/maps/contrib/114285142200354234200/reviews?hl=zh-TW,4,True,435,"座位舒適，餐點豐富，桌與桌間隔寬敞，用餐舒適不擁擠，假日皆是滿客狀態。
美式可無限續杯，是我的最愛。"
 tanya C ,https://www.google.com/maps/contrib/104255774640418917214/reviews?hl=zh-TW,3,True,234,"環境舒服，早餐好吃。但飲料要加油
整體來說偏貴
有時候櫃檯外場的小姐休假，遇到老闆娘出來遞補，點東西都忘東忘西的，只顧著跟熟客聊天
飲料送上來不知道是做太快還是太滿、杯子外面都濕濕黏黏的"
 郭淑菁 ,https://www.google.com/maps/contrib/116080866358850637726/reviews?hl=zh-TW,4,True,15,環境明亮舒適，轟炸機套餐的雞肉外酥內嫩，搭配微酸甜莎莎醬很好吃，籤餅煎的酥脆（現煎要等）口感很棒，套餐沒有含飲料，所以再加點飲料就覺得有點小貴了。
 慧 ,https://www.google.com/maps/contrib/106102438208066446487/reviews?hl=zh-TW,4,True,43,"*瑪格麗特抓餅真好吃！
*豬五花炒麵添加了自製辣椒沾醬真好吃！內炒帶有粗纖維的豌豆苗是整體軟質麵體上的唯一遺憾或許可以再思考思考其他細纖維的健康蔬菜。
*已列入日後的口袋店家。
*期待能快快與「多元的街口支付」連結。更便民！"
 Josie Chung ,https://www.google.com/maps/contrib/107597751024335784284/reviews?hl=zh-TW,2,True,82,每次Ubereat都想訂都被取消⋯
 盧俊良 ,https://www.google.com/maps/contrib/115364461237165454480/reviews?hl=zh-TW,1,True,24,動作超慢，餐點中規中矩，等超久。
 Jennifer Chen ,https://www.google.com/maps/contrib/106446057159002267337/reviews?hl=zh-TW,1,True,97,假日千萬不要來這吃，人多又吵，等餐很久，外場加點餐只有一個人。點餐時告知要等很久，員工都休假，表示老闆很小氣假日讓員工上班應該加成時薪。才能讓人力足夠。總之就是假日千萬別去，免得浪費太多時間。。附近新開的拉亞漢堡很有效率跟品質。
 Stella Wu ,https://www.google.com/maps/contrib/105739261340108119465/reviews?hl=zh-TW,5,False,9,東西好吃份量很足cp值高，老闆娘超好，店裡還有小叮噹漫畫，下次帶小孩來，小孩一定很開心。
 林君玲 ,https://www.google.com/maps/contrib/109926338242548929317/reviews?hl=zh-TW,5,False,5,環境舒適，生菜超多，馬鈴薯籤餅好吃，美式咖啡喝到飽，炸雞軟嫩適中，物超所值，吃的很滿足
 James C.J. Lin ,https://www.google.com/maps/contrib/107901688761980305531/reviews?hl=zh-TW,1,False,3,"價格高、cp值低、環境吵雜、服務態度不佳，上餐速度慢、經提醒還是未改善、態度高傲；優先處Uber、foodpanda的單。
餐點等很久，以為是現做的，上菜後每樣都是溫的；唯一熱的是飲料，但催促早點上，還是等到餐點吃完才上，………etc.，唉！"
 Yinfeng Lee ,https://www.google.com/maps/contrib/102499209049499842878/reviews?hl=zh-TW,4,True,39,小巧簡單卻溫馨雅緻的設計，音樂非常悅耳，餐點平價卻營養豐盛而色香味俱全，是個令人舒服的用餐環境。
 丁祥生 ,https://www.google.com/maps/contrib/103387739604347944087/reviews?hl=zh-TW,4,True,469,好吃！環境舒服。
 Jewel Cheng ,https://www.google.com/maps/contrib/101736188956455349216/reviews?hl=zh-TW,3,True,134,南瓜豆奶還好．義式ㄐ肉蛋吐司整個口感很軟嫩裏面完全沒蔬菜．所有飲料都是另點．價格略貴
 Pamela Wang ,https://www.google.com/maps/contrib/114170844234290101813/reviews?hl=zh-TW,5,True,118,餐點好吃，老闆親切，美式咖啡還能續杯
 Frederick ,https://www.google.com/maps/contrib/109492658168626297549/reviews?hl=zh-TW,5,True,60,餐點很優，用餐環境也很棒❤️
 蘇怡姍 ,https://www.google.com/maps/contrib/115309269166050419990/reviews?hl=zh-TW,5,True,89,會想一直來的早午餐，餐點好吃，咖啡好喝順口，環境好不擁擠，老闆娘親切，是一家整體來說讓人舒服的店，這就是早午餐能享受到的悠閒時光
 佩穎吳 ,https://www.google.com/maps/contrib/117245430884865988105/reviews?hl=zh-TW,3,True,21,來的時候中午沒有很多人，但點完餐後還是等了20多分鐘，餐點覺得很棒的地方是調味很淡，但價錢偏貴，服務態度很好很輕切，但速度真的不行。
 wing zwei ,https://www.google.com/maps/contrib/116854365149960021342/reviews?hl=zh-TW,5,True,78,用餐環境舒適，餐點好吃
 lin annie ,https://www.google.com/maps/contrib/102155648014727916091/reviews?hl=zh-TW,5,True,19,"餐點樣式選擇豐富，目前只嚐到青醬起司燻雞跟漢堡排肉醬意大利麵，雖然這是單點餐，除了餐點美味份量非常足夠，又有飽足感，飲品也好喝，
這算是我住木柵第四年來，找到這家早午餐份量多又美味，會想休假時再光顧的店，尤其是外子超討厭吃早午餐店，因為通常是口味不好，又份量少單價又高，難得有他認同的早午餐店。"
 朱厚生 ,https://www.google.com/maps/contrib/109760005976868430364/reviews?hl=zh-TW,3,True,111,"5月3日早上的熊貓

以這個價錢與份量來看也很難不滿意了

就是肉也許可以煎得更好吃一些?

柴柴的,調味也不夠"
 木華 ,https://www.google.com/maps/contrib/110039448359773702668/reviews?hl=zh-TW,4,False,12,喜歡菜菜抓餅加起司，起司是會牽絲的乳酪條，蔬菜也都是先燙熟過的，很紮實，南瓜豆奶也好喝。雖然不住附近，想在文山區好好吃個早餐的時候也還是會搭公車過來～
 劉蓮慧 ,https://www.google.com/maps/contrib/107205976943340637821/reviews?hl=zh-TW,5,False,28,"🍭一進店裡就聽到悅耳的音樂，店內的擺設相當優閒，櫥窗裡還有宮崎駿大師的作品ㄧㄧㄧㄧ
龍貓、無臉男跟湯婆婆(或錢婆婆)呢！店內有位親切的老闆娘，經常走下來問客人要不加咖啡，因餐點全都是手作的，所以要多多耐心的等候呀！🍭
PS：除了可以坐裡面，店外也有店座位。"
 高乙平 ,https://www.google.com/maps/contrib/114037805266464054429/reviews?hl=zh-TW,5,False,17,"超好吃～～～點過很多樣都超棒份量也很夠
寵物友善也很貼心而且不用進籠子店員親切有禮貌❤️"
 W.C. L. ,https://www.google.com/maps/contrib/105198820036714797958/reviews?hl=zh-TW,3,True,"1,060",食物不難吃，但份量少，價位偏高，尤其潛艇堡就一條德腸洋蔥跟酸黃瓜醬這樣而已，此外店內小孩多，用餐環境吵雜
 陳小克 ,https://www.google.com/maps/contrib/112632307089573751674/reviews?hl=zh-TW,4,False,14,服務態度佳，環境舒適還有座位附插座很貼心。餐點好吃，價格雖不低但都是手工真材實料。
 茹茹 ,https://www.google.com/maps/contrib/114086075236946594377/reviews?hl=zh-TW,3,True,183,還行但CP值不高
 shiou chen ,https://www.google.com/maps/contrib/117171498555565373086/reviews?hl=zh-TW,5,True,153,環境舒適，還有小孩的遊戲空間，早午餐原味健康好吃，價格也便宜！老闆娘很熱情❤️
 Chi Hao Chang ,https://www.google.com/maps/contrib/107034411574329521344/reviews?hl=zh-TW,5,False,7,餐點美味好吃，用餐環境相當舒適，老闆娘很親切，列入口袋名單
 One H ,https://www.google.com/maps/contrib/100434524655549918879/reviews?hl=zh-TW,4,False,5,算是好吃的早午餐店，不過咖啡能再好喝一點就更棒了
 陳園 ,https://www.google.com/maps/contrib/112564702619488441509/reviews?hl=zh-TW,5,True,77,假日的早午餐很棒，也有給小孩子玩樂的天地，黑咖啡也可以續杯喔
 Zhen Ling楨 ,https://www.google.com/maps/contrib/112138068271962117977/reviews?hl=zh-TW,5,True,18,"環境乾淨
餐點好吃衛生
吃得到原味不添加❤️❤️"
 Eunice Chou ,https://www.google.com/maps/contrib/109957513877524167457/reviews?hl=zh-TW,3,False,23,"塔塔雪魚排餐....😭😭😭
不優...失望"
 apple ting ,https://www.google.com/maps/contrib/108704933602926742295/reviews?hl=zh-TW,5,False,2,"美味的🍳早午餐
一個人也可以很幸福🍀
全家聚餐也很歡樂🍾️
現打果汁🍹
健康又美容👙
愛吃🐷五花
滑口又飽足😜"
 建宏葉 ,https://www.google.com/maps/contrib/101141119547950585279/reviews?hl=zh-TW,5,True,8,很好吃，衛生，氣氛好，創意美食，空間寬廣的。
 李亭葦 ,https://www.google.com/maps/contrib/105098571128176271682/reviews?hl=zh-TW,5,True,8,好吃，不會太貴～下午營業到三點半，適合當下午茶
 高小真 侑軒 ,https://www.google.com/maps/contrib/101481087761138433387/reviews?hl=zh-TW,5,False,1,用餐環境舒適，餐點份量也多，也適合帶小朋友來的地方！
 王良時 ,https://www.google.com/maps/contrib/114202342778299695824/reviews?hl=zh-TW,4,False,180,鮪魚沙拉分量多配上私房辣椒油口味特殊好爽口一試成主顧再試成粉絲
 Vivi Chiu ,https://www.google.com/maps/contrib/105816090216521019357/reviews?hl=zh-TW,5,False,5,"美味好吃的花生怕尼尼,百吃不膩..,用餐環境乾淨舒適,值得一再的前往👍"
 Lin Oscar ,https://www.google.com/maps/contrib/101531138839914926847/reviews?hl=zh-TW,5,True,25,餐點無敵美味😘
 Peggy Chang ,https://www.google.com/maps/contrib/116924346846049940251/reviews?hl=zh-TW,5,False,10,環境舒適豬排嫩蛋吐司好吃
 陳重光 ,https://www.google.com/maps/contrib/114319773981101036267/reviews?hl=zh-TW,4,False,58,"現作早餐，會等比較久，適合悠閒的吃。
我最喜歡無敵浩克堡"
 yafang Iee ,https://www.google.com/maps/contrib/109087091018650782530/reviews?hl=zh-TW,5,True,151,早餐加入創意的料理，有賺到的感覺，來的咖啡也到味，可以好好品嚐。👍
 Lin Candice ,https://www.google.com/maps/contrib/102619717676793655921/reviews?hl=zh-TW,5,False,18,CP質很高選擇多環境舒適，飽到妳不要不要🖒🖒抓餅好吃
 簡大瑄 ,https://www.google.com/maps/contrib/103839807139817888207/reviews?hl=zh-TW,5,True,59,手做新鮮，好吃！
 Rick Yun ,https://www.google.com/maps/contrib/114958144929259491783/reviews?hl=zh-TW,5,False,2,餐點美觀好吃！用料實在.健康美味！
 Samsam Mainu ,https://www.google.com/maps/contrib/109291912435759871878/reviews?hl=zh-TW,5,True,131,這家可以
 高國仁 ,https://www.google.com/maps/contrib/114067585746481458321/reviews?hl=zh-TW,5,False,4,好吃cp值高適合親子一起來的優質早午餐店
 Remi Lai ,https://www.google.com/maps/contrib/103188197620386358211/reviews?hl=zh-TW,5,False,20,"餐點不錯，量很足夠....
服務也很親切！"
 YongTing Lou ,https://www.google.com/maps/contrib/110215123839496721941/reviews?hl=zh-TW,5,True,21,加點了茶米大盤子，分量多差點吃不完。烤茶好好喝
 Jerry Shen ,https://www.google.com/maps/contrib/109210955980292621736/reviews?hl=zh-TW,4,True,116,食物好吃，老闆招呼熱情
 申玉蘭 ,https://www.google.com/maps/contrib/104016913016201140136/reviews?hl=zh-TW,4,True,234,環境具設計感，餐點有創意，有特色，服務好。
 蘇郁庭 ,https://www.google.com/maps/contrib/102614314683360207826/reviews?hl=zh-TW,5,True,15,起司蛋餅好吃！
 Jimmy Chen (BlueCat) ,https://www.google.com/maps/contrib/103220356266644001189/reviews?hl=zh-TW,5,True,82,早午餐好吃不貴，空間大適合帶小孩，店員親切
 HsiuYi Chen ,https://www.google.com/maps/contrib/104528911509122312318/reviews?hl=zh-TW,5,False,1,餐點好吃，環境乾淨，有小孩玩的小空間
 Cheng ,https://www.google.com/maps/contrib/111702909075309805820/reviews?hl=zh-TW,5,False,14,"音樂好聽🎵
裝潢可愛🐶"
 Ethan Chiang ,https://www.google.com/maps/contrib/115226833065673634306/reviews?hl=zh-TW,3,True,333,餐點份量足，也蠻好吃的。
 Emma Wang ,https://www.google.com/maps/contrib/112753110719362052369/reviews?hl=zh-TW,5,True,130,意外發現好吃的早午餐，連媽媽都愛❤️
 林超聞 ,https://www.google.com/maps/contrib/104781187413093445736/reviews?hl=zh-TW,4,True,84,價位中等食物很乾淨美味老闆娘很親切
 Lisa Hung ,https://www.google.com/maps/contrib/108723470925602658894/reviews?hl=zh-TW,5,True,14,用餐環境很明朗，餐點不貴且美味
 Mei Ling Pan ,https://www.google.com/maps/contrib/106230674446873754720/reviews?hl=zh-TW,5,False,11,餐點好吃環境輕鬆自在服務親切
 Chungyi Kuo ,https://www.google.com/maps/contrib/102059718379574421240/reviews?hl=zh-TW,4,False,488,吃過一次還不錯，就是太熱了
 Chao yi Jiang ,https://www.google.com/maps/contrib/107206301013981122464/reviews?hl=zh-TW,5,False,529,服務親切，餐點好吃，和朋友聊天的好地方。
 li hsu ,https://www.google.com/maps/contrib/113191187634494445524/reviews?hl=zh-TW,5,False,1,好吃，用料實在～用餐環境舒適
 Eden ,https://www.google.com/maps/contrib/106274318712052267292/reviews?hl=zh-TW,5,True,17,超讚，超好吃
 I-Ching Chen ,https://www.google.com/maps/contrib/111922258503576962743/reviews?hl=zh-TW,5,False,2,餐廳真的很舒適，餐點好吃ㄛ
 李華琇 ,https://www.google.com/maps/contrib/109311871437392061530/reviews?hl=zh-TW,5,False,1,"舒適的環境,美妙的音樂，享受早餐的最佳去處"
 趙庭儀 ,https://www.google.com/maps/contrib/102460274782833673326/reviews?hl=zh-TW,5,False,17,環境佳，東西好吃，老闆很親切
 Johnson Wu ,https://www.google.com/maps/contrib/102092728081238233723/reviews?hl=zh-TW,3,True,91,餐飲還可以，唯室內回音太大有些吵雜
 鬍邱葛格 ,https://www.google.com/maps/contrib/107676508980771224802/reviews?hl=zh-TW,4,True,57,舒適乾淨的用餐環境，食物很棒！
 張亞涵 ,https://www.google.com/maps/contrib/102349705565081413441/reviews?hl=zh-TW,5,False,2,環境乾淨餐點好吃服務態度佳
 龍惠恩 ,https://www.google.com/maps/contrib/110129246432183624020/reviews?hl=zh-TW,5,False,5,"用餐環境舒適，服務很nice,好吃"
 莊淑惠 ,https://www.google.com/maps/contrib/113916867022574141103/reviews?hl=zh-TW,3,True,42,用餐環境舒適
 徐拉拉 ,https://www.google.com/maps/contrib/113330287288426712031/reviews?hl=zh-TW,5,False,2,食物很美味，服務員態度良好
 Alex Lo ,https://www.google.com/maps/contrib/109227893090638388046/reviews?hl=zh-TW,5,True,186,"環境好，讓人放鬆
老闆招呼親切"
 沈靖軒 ,https://www.google.com/maps/contrib/117940364481412979417/reviews?hl=zh-TW,5,False,14,用餐環境很好餐點也很棒♥️
 Ivy Chen ,https://www.google.com/maps/contrib/111162165808615670506/reviews?hl=zh-TW,5,False,4,食物好吃，服務態度親切
 가현嘉玹 ,https://www.google.com/maps/contrib/101626229601226467003/reviews?hl=zh-TW,5,False,8,老闆娘親切，餐點非常好吃😋
 yuwen Chou ,https://www.google.com/maps/contrib/117929104634137860648/reviews?hl=zh-TW,4,True,70,好吃，價格偏高！
 Hikari Ninja ,https://www.google.com/maps/contrib/118206564864848836438/reviews?hl=zh-TW,2,True,12,小孩很歡樂，怕吵不適合😅
 林笠維（Leo Lin） ,https://www.google.com/maps/contrib/112227741162197208567/reviews?hl=zh-TW,5,True,81,環境很好~咖啡好喝~
 165A125楊筑珺 ,https://www.google.com/maps/contrib/103269385716614232975/reviews?hl=zh-TW,5,False,19,好吃，服務也很好👍
 施珮琪 ,https://www.google.com/maps/contrib/108568826831804053042/reviews?hl=zh-TW,5,True,78,服務好，餐點好吃
 蔡靜芬 ,https://www.google.com/maps/contrib/107930055273253076228/reviews?hl=zh-TW,4,True,35,餐點選擇多樣，美味健康。
 吳大 ,https://www.google.com/maps/contrib/113389383838870651045/reviews?hl=zh-TW,4,True,134,抓餅口味多又好吃!
 賴如淼 ,https://www.google.com/maps/contrib/104175722560105593167/reviews?hl=zh-TW,5,False,2,怎麼這麼好吃
 俞孟杰 ,https://www.google.com/maps/contrib/102776642651406118776/reviews?hl=zh-TW,5,False,11,義大利麵和薯條不錯吃!
 亞歷三小 ,https://www.google.com/maps/contrib/108918486862666635566/reviews?hl=zh-TW,5,True,29,瑪格麗特系列超讚
 朱弘丞 ,https://www.google.com/maps/contrib/116306515903823993407/reviews?hl=zh-TW,5,True,39,乾淨明亮老闆娘待人熱誠
 Candy Huang ,https://www.google.com/maps/contrib/114337420510124922351/reviews?hl=zh-TW,4,False,13,舒適、東西好吃
 crystal lin ,https://www.google.com/maps/contrib/112081331135481402167/reviews?hl=zh-TW,5,False,7,環境不錯適合親子去
 Yamato ZL ,https://www.google.com/maps/contrib/117800615701775334853/reviews?hl=zh-TW,5,True,694,服務態度優
 Jonathan lin ,https://www.google.com/maps/contrib/110271010972322628891/reviews?hl=zh-TW,5,False,13,豬五花炒麵很好吃
 KJ C ,https://www.google.com/maps/contrib/102234365005666085025/reviews?hl=zh-TW,5,True,23,光線明亮。用餐舒適
 Michelle C ,https://www.google.com/maps/contrib/107223184740695905408/reviews?hl=zh-TW,2,True,91,乾淨，餐點不錯
 迪兒張 ,https://www.google.com/maps/contrib/117575364399368774347/reviews?hl=zh-TW,4,True,111,食物新鮮好吃
 葉佳芸 ,https://www.google.com/maps/contrib/104225757141381127650/reviews?hl=zh-TW,5,True,26,好吃好吃餐點多樣化
 陳溫 ,https://www.google.com/maps/contrib/112081979746532642789/reviews?hl=zh-TW,5,False,2,好好吃的餐點
 鍾宜靜 ,https://www.google.com/maps/contrib/111114975626267093591/reviews?hl=zh-TW,5,True,35,東西份量足夠
 Fanny Chiang ,https://www.google.com/maps/contrib/116981331585092213718/reviews?hl=zh-TW,5,True,48,環境不錯!
 吳秉峰 ,https://www.google.com/maps/contrib/112163860403448462097/reviews?hl=zh-TW,5,True,59,適合小朋友
 戚莘 ,https://www.google.com/maps/contrib/114106655281732066430/reviews?hl=zh-TW,5,True,30,美味~經典~
 張吉利 ,https://www.google.com/maps/contrib/110628676411395885584/reviews?hl=zh-TW,4,True,73,環境不錯
 張小娟 ,https://www.google.com/maps/contrib/114370946558976505240/reviews?hl=zh-TW,5,True,47,蛋餅好吃
 Elvin Kao ,https://www.google.com/maps/contrib/103169896728827818737/reviews?hl=zh-TW,3,True,566,環境乾淨
 陳美月 ,https://www.google.com/maps/contrib/110904491158096180189/reviews?hl=zh-TW,5,False,2,不錯
 徐雙妹 ,https://www.google.com/maps/contrib/113478971092588539422/reviews?hl=zh-TW,5,False,1,餐點好吃
 楊薇蓁 ,https://www.google.com/maps/contrib/109136118062027125472/reviews?hl=zh-TW,5,False,8,餐點好吃
 朱小柔 ,https://www.google.com/maps/contrib/103805706202116708033/reviews?hl=zh-TW,4,True,36,東西好吃
 蕭小憶 ,https://www.google.com/maps/contrib/100242743045143295073/reviews?hl=zh-TW,5,False,10,適合孩子
 張婷 ,https://www.google.com/maps/contrib/114931174606859391853/reviews?hl=zh-TW,5,True,23,"(由Google提供翻譯)份量超足，瑪格利特土司起司濃鬱，真的好吃欸！！

(原始評論)
份量超足，瑪格利特土司起司濃郁，真的好吃欸！！"
 just sorry ,https://www.google.com/maps/contrib/100679017932481631878/reviews?hl=zh-TW,5,True,298,在景美女中附近。好吃，CP值很高。
 Ta Kang Chin ,https://www.google.com/maps/contrib/110484044310663452050/reviews?hl=zh-TW,5,True,53,"(由Google提供翻譯)環境非常舒適，餐點的味道也很棒！最常點他們的希臘抓餅，裡面的起司又濃又香，番茄丁也是自家醃過的，外麵包層抓餅後整體口味很搭。另外轟炸雞也不錯，沾的莎莎醬也是自家做的，味道清而微酸，很好入口。其他餐盤類的吃過幾項，幾乎沒有什麼失敗，除了真的會吃很飽以外啦！價格是稍貴了點，尤其是飲料部分。不過整體CP值還是不錯的。

(原始評論)
環境非常舒適，餐點的味道也很棒！最常點他們的希臘抓餅，裡面的起司又濃又香，番茄丁也是自家醃過的，外面包層抓餅後整體口味很搭。另外轟炸雞也不錯，沾的莎莎醬也是自家做的，味道清而微酸，很好入口。其他餐盤類的吃過幾項，幾乎沒有什麼失敗，除了真的會吃很飽以外啦！價格是稍貴了點，尤其是飲料部分。不過整體CP值還是不錯的。"
 Michelle LIN ,https://www.google.com/maps/contrib/107228853927639730092/reviews?hl=zh-TW,5,False,4,"(由Google提供翻譯)環境舒適青醬雞肉帕尼尼有驚豔到，比想像中好吃，醬汁濃鬱用料豐富，cp值高，下次可再來～

(原始評論)
環境舒適青醬雞肉帕尼尼有驚豔到，比想像中好吃，醬汁濃郁用料豐富，cp值高，下次可再來～"
 Chun Hsiu Hsiao ,https://www.google.com/maps/contrib/107536207828703603243/reviews?hl=zh-TW,4,True,111,可以悠哉享受早午餐的好地方
 Lin小儒 ,https://www.google.com/maps/contrib/100953456544845888943/reviews?hl=zh-TW,5,False,2,"(由Google提供翻譯)物美價廉，色香味俱全。
環境舒適，坐到不想離開了。
因為....很飽，好吃，讚!!

(原始評論)
物美價廉，色香味具全。
環境舒適，坐到不想離開了。
因為....很飽，好吃，讚!!"
 謝純如 ,https://www.google.com/maps/contrib/110436859250201137086/reviews?hl=zh-TW,5,False,2,好吃的早午餐，超值!
 謝慧芝 ,https://www.google.com/maps/contrib/117187195975651946427/reviews?hl=zh-TW,5,False,5,朋友聚餐的好所在，good!😁😁
 蘇慧慧 ,https://www.google.com/maps/contrib/115637551036844585141/reviews?hl=zh-TW,5,False,13,非常可口美味
 ZIRROW ,https://www.google.com/maps/contrib/111192767178336787043/reviews?hl=zh-TW,5,False,8,好吃😋
 江旻駿 ,https://www.google.com/maps/contrib/107697084284140198916/reviews?hl=zh-TW,5,True,6,好吃😋
 Andy Liu ,https://www.google.com/maps/contrib/103827055721326328052/reviews?hl=zh-TW,4,True,373,好吃的早午餐
 andy chiu ,https://www.google.com/maps/contrib/116223946231360718541/reviews?hl=zh-TW,4,False,664,好吃!
 Christine Wertz ,https://www.google.com/maps/contrib/112029033372316191821/reviews?hl=zh-TW,2,True,24,"(由Google提供翻譯)我們通常會來這裡吃土豆煎餅，但自從換了主人後，他們就把它扔掉了，現在供應薯條……。希望他們能帶回土豆煎餅。

(原始評論)
Wewouldusuallycomehereforthepotatopancake,butsincechangingownerstheygotridofitandnowservingfries….Wishtheywouldbringbackthepotatopancake."
